0.000000000000000000e+00 1.090979508189940383e-02
1.000000000000000000e+00 3.226196557149206296e-03
2.000000000000000000e+00 3.060979711541304740e-03
3.000000000000000000e+00 3.131786477237128840e-03
4.000000000000000000e+00 2.549672938042333702e-03
5.000000000000000000e+00 2.808464659285169092e-03
6.000000000000000000e+00 2.458009526972405965e-03
7.000000000000000000e+00 2.141623647570551920e-03
8.000000000000000000e+00 2.476880514781955225e-03
9.000000000000000000e+00 2.310441105066989714e-03
1.000000000000000000e+01 2.404766752137007212e-03
1.100000000000000000e+01 2.203443210556056773e-03
1.200000000000000000e+01 1.771476592152564956e-03
1.300000000000000000e+01 1.642076149407064320e-03
1.400000000000000000e+01 1.366101226310837899e-03
