0.000000000000000000e+00 1.363216860558978324e-02
1.000000000000000000e+00 3.828398344739058698e-03
2.000000000000000000e+00 3.597124780736753614e-03
3.000000000000000000e+00 3.300281617619788607e-03
4.000000000000000000e+00 3.531094039958719306e-03
5.000000000000000000e+00 3.595692618674536673e-03
6.000000000000000000e+00 3.049524571963382544e-03
7.000000000000000000e+00 2.947235327239780718e-03
8.000000000000000000e+00 2.902015172334494741e-03
9.000000000000000000e+00 2.778437584256210607e-03
1.000000000000000000e+01 3.091831502424082553e-03
1.100000000000000000e+01 2.646929658673947538e-03
1.200000000000000000e+01 2.226404420631146203e-03
1.300000000000000000e+01 1.864911655388856596e-03
1.400000000000000000e+01 1.847156253246882420e-03
