0.000000000000000000e+00 1.114404804031180959e-02
1.000000000000000000e+00 3.221389879910057426e-03
2.000000000000000000e+00 2.952149504235961411e-03
3.000000000000000000e+00 3.040259104079305087e-03
4.000000000000000000e+00 2.760712619450083477e-03
5.000000000000000000e+00 3.332811701707728141e-03
6.000000000000000000e+00 2.603415825040352859e-03
7.000000000000000000e+00 2.268601724965995953e-03
8.000000000000000000e+00 2.357884189569064634e-03
9.000000000000000000e+00 1.895570314910245951e-03
1.000000000000000000e+01 1.828397922556094070e-03
1.100000000000000000e+01 1.509125922216588951e-03
1.200000000000000000e+01 1.274228428398285241e-03
1.300000000000000000e+01 1.247200563747381417e-03
1.400000000000000000e+01 1.214965221321973911e-03
1.500000000000000000e+01 9.879048545897331328e-04
1.600000000000000000e+01 8.902257667404267060e-04
1.700000000000000000e+01 8.183686848800644266e-04
1.800000000000000000e+01 7.403802159676660692e-04
1.900000000000000000e+01 6.909067021160531516e-04
2.000000000000000000e+01 6.416594186383192591e-04
2.100000000000000000e+01 5.956854422341501107e-04
2.200000000000000000e+01 5.510626575585839213e-04
2.300000000000000000e+01 4.902570339014621689e-04
2.400000000000000000e+01 4.473992253469385549e-04
2.500000000000000000e+01 4.181794909223781839e-04
2.600000000000000000e+01 4.055858591424784331e-04
2.700000000000000000e+01 3.658953645244836022e-04
2.800000000000000000e+01 3.444283991615204360e-04
2.900000000000000000e+01 3.438132957629475494e-04
3.000000000000000000e+01 2.796603782281575500e-04
3.100000000000000000e+01 2.765038294599358407e-04
3.200000000000000000e+01 2.598242294471616535e-04
3.300000000000000000e+01 2.365346426886927604e-04
3.400000000000000000e+01 2.319126757730150185e-04
3.500000000000000000e+01 1.898417042979912931e-04
3.600000000000000000e+01 1.869570572646538130e-04
3.700000000000000000e+01 1.776420380982917378e-04
3.800000000000000000e+01 1.539778426508774806e-04
3.900000000000000000e+01 1.447847915207989516e-04
4.000000000000000000e+01 1.266011930662540948e-04
4.100000000000000000e+01 1.216302158758606302e-04
4.200000000000000000e+01 1.206500393444956165e-04
4.300000000000000000e+01 1.051897830963465424e-04
4.400000000000000000e+01 8.951164592875952603e-05
4.500000000000000000e+01 8.201238387604556162e-05
4.600000000000000000e+01 7.794577373978407611e-05
4.700000000000000000e+01 7.402182651985673501e-05
4.800000000000000000e+01 6.797339500338622266e-05
4.900000000000000000e+01 6.014589414076996387e-05
5.000000000000000000e+01 5.099623979352321774e-05
5.100000000000000000e+01 5.287352162547308775e-05
5.200000000000000000e+01 4.461647335749112440e-05
5.300000000000000000e+01 4.195004234579802747e-05
5.400000000000000000e+01 3.793292609343029730e-05
5.500000000000000000e+01 3.337525357796561001e-05
5.600000000000000000e+01 3.085866027741941139e-05
5.700000000000000000e+01 2.795005726532322243e-05
5.800000000000000000e+01 2.588045972259012448e-05
5.900000000000000000e+01 2.406517487030580780e-05
6.000000000000000000e+01 2.014808436766247463e-05
6.100000000000000000e+01 1.751297434170783480e-05
6.200000000000000000e+01 1.723207345029578621e-05
6.300000000000000000e+01 1.533209972526193126e-05
6.400000000000000000e+01 1.381281350841207856e-05
6.500000000000000000e+01 1.257757124327141524e-05
6.600000000000000000e+01 1.097107028286716127e-05
6.700000000000000000e+01 1.032403739366954246e-05
6.800000000000000000e+01 8.639626416325918315e-06
6.900000000000000000e+01 7.919743463958718019e-06
7.000000000000000000e+01 7.107414108848522726e-06
7.100000000000000000e+01 6.230974243146695931e-06
7.200000000000000000e+01 5.625007246561820606e-06
7.300000000000000000e+01 5.163445274733936359e-06
7.400000000000000000e+01 4.355895414212503383e-06
7.500000000000000000e+01 3.964217866196460291e-06
7.600000000000000000e+01 3.478619538410648318e-06
7.700000000000000000e+01 3.155319495421465577e-06
7.800000000000000000e+01 2.803582807571860457e-06
7.900000000000000000e+01 2.310696368632927707e-06
8.000000000000000000e+01 2.056901625339828368e-06
8.100000000000000000e+01 1.991953119858952002e-06
8.200000000000000000e+01 1.569986071537076467e-06
8.300000000000000000e+01 1.392884026752618323e-06
8.400000000000000000e+01 1.306894525843218627e-06
8.500000000000000000e+01 1.079433951571921527e-06
8.600000000000000000e+01 9.514422272315858820e-07
8.700000000000000000e+01 8.459891383338486297e-07
8.800000000000000000e+01 7.308655081900560781e-07
8.900000000000000000e+01 6.091383648379395804e-07
9.000000000000000000e+01 5.326985895245232094e-07
9.100000000000000000e+01 4.811460738109121663e-07
9.200000000000000000e+01 4.089795944616697060e-07
9.300000000000000000e+01 3.746627663674701790e-07
9.400000000000000000e+01 2.962233598087027975e-07
9.500000000000000000e+01 2.487665198663875399e-07
9.600000000000000000e+01 2.207282044351195430e-07
9.700000000000000000e+01 1.718882966554457400e-07
9.800000000000000000e+01 1.657979749955578701e-07
9.900000000000000000e+01 1.522422588992251096e-07
1.000000000000000000e+02 1.133035613116164885e-07
1.010000000000000000e+02 1.028406138554142985e-07
1.020000000000000000e+02 9.050613925478406076e-08
1.030000000000000000e+02 7.024997087413305909e-08
1.040000000000000000e+02 6.822264953401935840e-08
1.050000000000000000e+02 5.692658962645051524e-08
1.060000000000000000e+02 5.173158655676052994e-08
1.070000000000000000e+02 4.724310707674291146e-08
1.080000000000000000e+02 4.056494312105039630e-08
1.090000000000000000e+02 3.727817240184530765e-08
1.100000000000000000e+02 3.512519688287677577e-08
1.110000000000000000e+02 3.395660180526738660e-08
1.120000000000000000e+02 3.291736239410421982e-08
1.130000000000000000e+02 3.046496808155977502e-08
1.140000000000000000e+02 2.922016402660915186e-08
1.150000000000000000e+02 2.734048184918544304e-08
1.160000000000000000e+02 2.678462551894265377e-08
1.170000000000000000e+02 2.574758780477879872e-08
1.180000000000000000e+02 2.431229783059999354e-08
1.190000000000000000e+02 2.195868774334372775e-08
1.200000000000000000e+02 2.095695507209815328e-08
1.210000000000000000e+02 2.044149477523847386e-08
1.220000000000000000e+02 1.893300779256339553e-08
1.230000000000000000e+02 1.776025781175550474e-08
1.240000000000000000e+02 1.585202986649437418e-08
1.250000000000000000e+02 1.509658842550186308e-08
1.260000000000000000e+02 1.491669984147216984e-08
