0.000000000000000000e+00 1.228500370019676262e-02
1.000000000000000000e+00 3.386086358164580416e-03
2.000000000000000000e+00 3.127237721579977786e-03
3.000000000000000000e+00 3.332175194167406266e-03
4.000000000000000000e+00 2.903887866271380111e-03
5.000000000000000000e+00 3.335856985128911496e-03
6.000000000000000000e+00 2.989138700388810008e-03
7.000000000000000000e+00 2.557540822375241763e-03
8.000000000000000000e+00 2.513020548151295979e-03
9.000000000000000000e+00 1.991093211583308802e-03
1.000000000000000000e+01 2.001941031593503558e-03
1.100000000000000000e+01 1.579993713685468818e-03
1.200000000000000000e+01 1.538231097716581501e-03
1.300000000000000000e+01 1.295623458678860172e-03
1.400000000000000000e+01 1.147315513695079409e-03
1.500000000000000000e+01 1.075860726164190291e-03
1.600000000000000000e+01 9.289428356240984376e-04
1.700000000000000000e+01 9.082602271830712186e-04
1.800000000000000000e+01 7.597151451598268667e-04
1.900000000000000000e+01 7.186444319517572938e-04
2.000000000000000000e+01 6.173671051118101655e-04
2.100000000000000000e+01 5.731242423127452237e-04
2.200000000000000000e+01 5.476640180947982359e-04
2.300000000000000000e+01 5.230056061837915285e-04
2.400000000000000000e+01 4.737378569767064572e-04
2.500000000000000000e+01 4.356132167806536001e-04
2.600000000000000000e+01 4.171500075894619118e-04
2.700000000000000000e+01 3.649625154551635578e-04
2.800000000000000000e+01 3.592364963636541998e-04
2.900000000000000000e+01 3.168705679304423327e-04
3.000000000000000000e+01 2.908982877701038537e-04
3.100000000000000000e+01 2.965396146786509839e-04
3.200000000000000000e+01 2.460119533642343183e-04
3.300000000000000000e+01 2.343004156624841174e-04
3.400000000000000000e+01 2.509878770335680987e-04
3.500000000000000000e+01 2.064068959531674397e-04
3.600000000000000000e+01 1.846579724649499471e-04
3.700000000000000000e+01 1.682423786741130145e-04
3.800000000000000000e+01 1.673657489348970577e-04
3.900000000000000000e+01 1.621615123946091046e-04
4.000000000000000000e+01 1.446945627114912616e-04
4.100000000000000000e+01 1.377114936653909248e-04
4.200000000000000000e+01 1.197758799058787338e-04
4.300000000000000000e+01 1.094129381874454042e-04
4.400000000000000000e+01 1.081498963501672644e-04
4.500000000000000000e+01 9.148757518807335888e-05
4.600000000000000000e+01 8.905687801673257097e-05
4.700000000000000000e+01 7.524115159684803739e-05
4.800000000000000000e+01 7.282471972592380327e-05
4.900000000000000000e+01 6.086743490446182753e-05
5.000000000000000000e+01 5.785814566620759878e-05
5.100000000000000000e+01 5.574018700012015314e-05
5.200000000000000000e+01 4.773624054292094116e-05
5.300000000000000000e+01 4.666224126838852259e-05
5.400000000000000000e+01 4.187228909806186368e-05
5.500000000000000000e+01 3.598398496616388522e-05
5.600000000000000000e+01 3.391029499132314277e-05
5.700000000000000000e+01 2.883324956812683868e-05
5.800000000000000000e+01 2.743390153498332043e-05
5.900000000000000000e+01 2.468043175659474805e-05
6.000000000000000000e+01 2.193390008265656854e-05
6.100000000000000000e+01 2.085700064979057871e-05
6.200000000000000000e+01 1.823815860141619069e-05
6.300000000000000000e+01 1.580795027742381382e-05
6.400000000000000000e+01 1.514010313412975342e-05
6.500000000000000000e+01 1.316191083453486684e-05
6.600000000000000000e+01 1.174893986731163121e-05
6.700000000000000000e+01 1.082279057125073420e-05
6.800000000000000000e+01 1.011611851239697113e-05
6.900000000000000000e+01 8.570256116852700842e-06
7.000000000000000000e+01 8.078764083373720143e-06
7.100000000000000000e+01 7.262576021247606239e-06
7.200000000000000000e+01 6.262296089124689874e-06
7.300000000000000000e+01 5.950664255189427145e-06
7.400000000000000000e+01 4.847908803288498208e-06
7.500000000000000000e+01 4.478952535787240149e-06
7.600000000000000000e+01 4.190262746423915953e-06
7.700000000000000000e+01 3.690475317555842716e-06
7.800000000000000000e+01 3.288021660974901376e-06
7.900000000000000000e+01 2.879116832633840430e-06
8.000000000000000000e+01 2.502000240757345242e-06
8.100000000000000000e+01 2.188982633263183857e-06
8.200000000000000000e+01 2.094423402430383147e-06
8.300000000000000000e+01 1.795068741007780823e-06
8.400000000000000000e+01 1.556482171220293853e-06
8.500000000000000000e+01 1.504715164867114534e-06
8.600000000000000000e+01 1.145183320557604239e-06
8.700000000000000000e+01 1.100822958033841047e-06
8.800000000000000000e+01 9.790158124524179156e-07
8.900000000000000000e+01 7.594425713934231254e-07
9.000000000000000000e+01 7.515932080805248405e-07
9.100000000000000000e+01 6.237715135513674834e-07
9.200000000000000000e+01 5.496835299299734334e-07
9.300000000000000000e+01 5.038110752783688993e-07
9.400000000000000000e+01 4.064318431202350387e-07
9.500000000000000000e+01 3.620494705006876594e-07
9.600000000000000000e+01 3.225695614279080797e-07
9.700000000000000000e+01 2.620868644853249898e-07
9.800000000000000000e+01 2.308552570140878693e-07
9.900000000000000000e+01 2.025157721850413934e-07
1.000000000000000000e+02 1.747715111982597588e-07
1.010000000000000000e+02 1.547768377282145018e-07
1.020000000000000000e+02 1.313728741771774690e-07
1.030000000000000000e+02 1.181364408784937770e-07
1.040000000000000000e+02 9.978259059931263879e-08
1.050000000000000000e+02 9.036254462371829596e-08
1.060000000000000000e+02 8.246531675737249716e-08
1.070000000000000000e+02 7.048683440399463513e-08
1.080000000000000000e+02 6.843001648096013362e-08
1.090000000000000000e+02 5.996605104590088297e-08
1.100000000000000000e+02 5.524324127126565754e-08
1.110000000000000000e+02 5.380339968177588641e-08
1.120000000000000000e+02 4.693587447342129617e-08
1.130000000000000000e+02 4.607706930679557347e-08
1.140000000000000000e+02 4.095380467407778048e-08
1.150000000000000000e+02 3.737326076829834633e-08
1.160000000000000000e+02 3.903200101458783174e-08
1.170000000000000000e+02 3.277338856715386210e-08
1.180000000000000000e+02 3.214317710913669351e-08
1.190000000000000000e+02 3.097410498509181680e-08
1.200000000000000000e+02 2.562113097773033948e-08
1.210000000000000000e+02 2.839567483364275622e-08
1.220000000000000000e+02 2.445894591947794462e-08
1.230000000000000000e+02 2.298061219919492289e-08
1.240000000000000000e+02 2.350204176804201372e-08
1.250000000000000000e+02 1.898161165204142248e-08
1.260000000000000000e+02 2.096238301328956548e-08
