0.000000000000000000e+00 1.261903192780527809e-02
1.000000000000000000e+00 3.772184946239092763e-03
2.000000000000000000e+00 3.199447784800889434e-03
3.000000000000000000e+00 3.341800378622031536e-03
4.000000000000000000e+00 3.132172456421780486e-03
5.000000000000000000e+00 3.148214159716423988e-03
6.000000000000000000e+00 3.211795630531022721e-03
7.000000000000000000e+00 2.915954110410683316e-03
8.000000000000000000e+00 2.486826576029508521e-03
9.000000000000000000e+00 2.072132742767499817e-03
1.000000000000000000e+01 2.140215983350257992e-03
1.100000000000000000e+01 1.962633875003395780e-03
1.200000000000000000e+01 1.595390201374301264e-03
1.300000000000000000e+01 1.345662485400125116e-03
1.400000000000000000e+01 1.262948603993701039e-03
1.500000000000000000e+01 9.917530228766725103e-04
1.600000000000000000e+01 8.179621615435682218e-04
1.700000000000000000e+01 6.962529290246968674e-04
1.800000000000000000e+01 4.912359553610403003e-04
1.900000000000000000e+01 4.748849376307475280e-04
2.000000000000000000e+01 3.368189744054471304e-04
2.100000000000000000e+01 2.716033297317743634e-04
2.200000000000000000e+01 2.050676776309532149e-04
2.300000000000000000e+01 1.858165249718145794e-04
2.400000000000000000e+01 1.271847870072297787e-04
2.500000000000000000e+01 1.044721041848745255e-04
2.600000000000000000e+01 8.626650924895067031e-05
2.700000000000000000e+01 6.588458583762982614e-05
2.800000000000000000e+01 5.459792300918431463e-05
2.900000000000000000e+01 4.652821081017060212e-05
3.000000000000000000e+01 3.597787873636940699e-05
