0.000000000000000000e+00 1.269865629785308508e-02
1.000000000000000000e+00 3.790629009894066256e-03
2.000000000000000000e+00 3.195991928221082485e-03
3.000000000000000000e+00 3.362435874734735590e-03
4.000000000000000000e+00 3.145458738187801532e-03
5.000000000000000000e+00 3.174788991944062482e-03
6.000000000000000000e+00 3.225813745463026929e-03
7.000000000000000000e+00 2.930741705436344050e-03
8.000000000000000000e+00 2.508263066941841552e-03
9.000000000000000000e+00 2.086511618850247184e-03
1.000000000000000000e+01 2.155432280718255593e-03
1.100000000000000000e+01 1.978064363453043133e-03
1.200000000000000000e+01 1.599957065014884910e-03
1.300000000000000000e+01 1.353164989607666879e-03
1.400000000000000000e+01 1.269486703776431889e-03
1.500000000000000000e+01 9.971867758701469416e-04
1.600000000000000000e+01 8.234036540129129490e-04
1.700000000000000000e+01 7.011776743003211854e-04
1.800000000000000000e+01 4.940499573591545027e-04
1.900000000000000000e+01 4.776977545843697241e-04
2.000000000000000000e+01 3.385271130579918216e-04
2.100000000000000000e+01 2.741383370804821216e-04
2.200000000000000000e+01 2.063745552720829793e-04
2.300000000000000000e+01 1.875179346980898425e-04
2.400000000000000000e+01 1.283881398510783680e-04
2.500000000000000000e+01 1.055314974509099758e-04
2.600000000000000000e+01 8.728767439064001805e-05
2.700000000000000000e+01 6.693596775215594037e-05
2.800000000000000000e+01 5.529826348134883824e-05
2.900000000000000000e+01 4.713951837109705444e-05
3.000000000000000000e+01 3.629760195276739816e-05
