0.000000000000000000e+00 1.056193239320088129e+00 1.032325420197175214e+00 1.039698222824214202e+00 -1.197752791902583769e-01 -8.242284815897225891e-02 -1.897731287615317119e-01 2.691992237727198756e+00 2.611094375249679800e+00 2.674087723891669377e+00
9.817477042468103487e-02 1.120157122689555029e+00 1.160930172438435548e+00 1.112529426557229195e+00 -5.547407843615964618e-02 -8.414948166540603403e-02 -1.452497487194720216e-01 2.729232637961355401e+00 2.874741264961229614e+00 2.768968759873008612e+00
1.963495408493620697e-01 1.135522012347112364e+00 1.205264269484598749e+00 1.106114806763387248e+00 2.412132751408693071e-02 -1.762429115839970334e-02 -4.088753254944502841e-02 2.730195918158258905e+00 2.973701623653800752e+00 2.745961252261140295e+00
2.945243112740431046e-01 1.075520575320868311e+00 1.106749682555195680e+00 1.015091122946823576e+00 9.107916303241871125e-02 8.121189590813635006e-02 5.456058483963446837e-02 2.718421880572965410e+00 2.846132864623900804e+00 2.673435944626605831e+00
3.926990816987241395e-01 9.627802583617229848e-01 9.473877839209419172e-01 9.023940750341016281e-01 1.205734262122932776e-01 1.229441594782554742e-01 7.510726079848030479e-02 2.708144838570511581e+00 2.680055095311649094e+00 2.675397354596023458e+00
4.908738521234051744e-01 8.490092812910303710e-01 8.232021312927532142e-01 8.093021636568922261e-01 1.058267320069977979e-01 9.347644392912399236e-02 4.473645988814660412e-02 2.709011505339644188e+00 2.619928190045394789e+00 2.726732026884049365e+00
5.890486225480862092e-01 7.685361599499374030e-01 7.399938237572876165e-01 7.400477282877736540e-01 5.671147167308051434e-02 5.179311787950715423e-02 1.019861419857197304e-02 2.714364183629060179e+00 2.580448988212111772e+00 2.725467700825611406e+00
6.872233929727672441e-01 7.280043294667546405e-01 6.967063462737344004e-01 7.106930341439463561e-01 -2.930756136868730832e-03 1.371973502017116361e-02 -3.006655159823234599e-02 2.693393516339425808e+00 2.536755219465224531e+00 2.702884341336328156e+00
7.853981633974482790e-01 7.219124701329714400e-01 7.030344081879674745e-01 7.254592810508740941e-01 -4.712246622927275530e-02 -2.844266858254550223e-02 -7.276065258039908501e-02 2.628976556168316492e+00 2.545155946634141131e+00 2.690454119644442255e+00
8.835729338221293139e-01 7.438093261391843791e-01 7.467494586174284743e-01 7.676733275436586901e-01 -6.691048765135051979e-02 -6.209149649219706385e-02 -9.906940560339683177e-02 2.544698101408323865e+00 2.573636099888564566e+00 2.651251939203228325e+00
9.817477042468103487e-01 7.849282050986085002e-01 8.065887392958119850e-01 8.207095822870170698e-01 -6.688181682457874921e-02 -8.071941094359280644e-02 -1.087153071791374381e-01 2.465554269832096690e+00 2.567524606522240127e+00 2.578533501982633425e+00
1.079922474671491273e+00 8.332556218840915241e-01 8.631050117412638611e-01 8.704306471051431737e-01 -5.470617275166413107e-02 -8.394718399337906811e-02 -1.073502456627338231e-01 2.398448769799371938e+00 2.510585865566089758e+00 2.490780940337351979e+00
1.178097245096172418e+00 8.778329123920262100e-01 9.050375616673848045e-01 9.098658022427036363e-01 -4.024982007486287150e-02 -6.894110955153467946e-02 -1.013255808102227484e-01 2.347593601808072084e+00 2.429764595260338833e+00 2.423898639610355676e+00
1.276272015520853564e+00 9.159998637902411200e-01 9.300727711772730499e-01 9.388026508854958596e-01 -3.874515768410422695e-02 -4.949901315101588178e-02 -1.073607475257302435e-01 2.335441032525879645e+00 2.365464276843019853e+00 2.412514613347555681e+00
1.374446785945534488e+00 9.594515883885719187e-01 9.410971416207253304e-01 9.565378338306069761e-01 -7.120876834517579634e-02 -5.223972824581651908e-02 -1.376655099793388515e-01 2.419061655317738868e+00 2.343144592420165484e+00 2.459072408868940851e+00
1.472621556370215412e+00 1.011647228172885660e+00 9.487123361329948823e-01 9.633708412923733810e-01 -1.329279962645609769e-01 -8.343447703475072308e-02 -1.789377493107340289e-01 2.611911947408242618e+00 2.386841720279948120e+00 2.535891129689934242e+00
1.570796326794896558e+00 1.031066181442063190e+00 9.656739827255607089e-01 9.639281902599184937e-01 -1.503875133648502616e-01 -1.191319603863747190e-01 -1.992105926945584859e-01 2.739384090568053320e+00 2.508140846474369301e+00 2.606861196829675098e+00
1.668971097219577704e+00 1.019241410424478245e+00 9.939384181851497191e-01 9.639817554488425699e-01 -1.067988994892193622e-01 -1.294728216533446996e-01 -1.784559137820797836e-01 2.751366370975993902e+00 2.669449097164222184e+00 2.643461331223852628e+00
1.767145867644258628e+00 1.016024224618288896e+00 1.030144222561336642e+00 9.683119245715079426e-01 -4.029386447469866794e-02 -9.575960965761928789e-02 -1.216778114567229063e-01 2.742336558991794515e+00 2.809144829741289762e+00 2.632384577893668087e+00
1.865320638068939552e+00 1.036229589248978566e+00 1.088445304216168363e+00 9.911598226921098931e-01 3.851355494769036908e-02 4.244017110024873862e-03 -3.203216645769502158e-02 2.740779541485474091e+00 2.940814622747201845e+00 2.615239422748830034e+00
1.963495408493620697e+00 1.080527873018865881e+00 1.175679955330920956e+00 1.052459991826348418e+00 1.307611058801606829e-01 1.802090040310479202e-01 1.055160675712762536e-01 2.750619196926841870e+00 3.089360447192606607e+00 2.674410057261460860e+00
2.061670178918301843e+00 1.140091696730769710e+00 1.240320485227726977e+00 1.133762223636924693e+00 2.373490143710896005e-01 3.546250417573754699e-01 2.693582006598562728e-01 2.773663598342174019e+00 3.121594648193096955e+00 2.785882064937871938e+00
2.159844949342982545e+00 1.194388789784325278e+00 1.219938088753290906e+00 1.172330412395109045e+00 3.499199460589929589e-01 4.083135282260516030e-01 3.706316514277308016e-01 2.808669672113069726e+00 2.904807102665053264e+00 2.801058491126148908e+00
2.258019719767663691e+00 1.221763661704141857e+00 1.122815521178061715e+00 1.131224992542721131e+00 4.515671538366496374e-01 3.340994851502558372e-01 3.507421594615182103e-01 2.867543031973279088e+00 2.538892156898143515e+00 2.644854779602072714e+00
2.356194490192344837e+00 1.114336363110199235e+00 1.008230949612405558e+00 1.036876505450567088e+00 3.734277659509214198e-01 2.281577118844132779e-01 2.539591100691049319e-01 2.609139928842455713e+00 2.231097036220402341e+00 2.407088130890050692e+00
2.454369260617025983e+00 9.422218848950560943e-01 9.227313467166394778e-01 9.442870345655312025e-01 1.596838224303798459e-01 1.616823181190792658e-01 1.589885313331021455e-01 2.156821876313648190e+00 2.079223034309717555e+00 2.227270529560948731e+00
2.552544031041707129e+00 8.909783683229863804e-01 8.861694415280154669e-01 8.949214892409100841e-01 7.604658170619196800e-02 1.366483306714213197e-01 9.887837656730369407e-02 2.092391657842286534e+00 2.083115415587009966e+00 2.180999422676854760e+00
2.650718801466387831e+00 8.953198268403679272e-01 8.991452469074795451e-01 8.962797558361741412e-01 6.935865463032460376e-02 1.272671202207001084e-01 6.787528128581127307e-02 2.157738565134401210e+00 2.190910918174604927e+00 2.235063586289676607e+00
2.748893571891068976e+00 9.246220795195250197e-01 9.544507118441556415e-01 9.442522194806619584e-01 1.033996775174469140e-01 1.335707460205245722e-01 6.316506180995568043e-02 2.203820939861656392e+00 2.323758714524157831e+00 2.323750298808600956e+00
2.847068342315750122e+00 9.844156798372480921e-01 1.047566543197447242e+00 1.052778276029328053e+00 1.623988071258379295e-01 1.665509846916886638e-01 7.850141501986658554e-02 2.224417373559676392e+00 2.421858839698376009e+00 2.454832238998391869e+00
2.945243112740430824e+00 1.074878404552048083e+00 1.151728240788378432e+00 1.222787866944039958e+00 2.340227733551390188e-01 1.879487505357647636e-01 4.794270602992325297e-02 2.233800895222581406e+00 2.414430112709091247e+00 2.645811815830252378e+00
3.043417883165111970e+00 1.226338642354489972e+00 1.256940381179174837e+00 1.429307649086169363e+00 2.331110774697293941e-01 1.394851830182331776e-01 -1.231346028908439083e-01 2.370159264788969988e+00 2.378374271148064878e+00 2.969185149374804489e+00
3.141592653589793116e+00 1.739486015598904478e+00 1.404806497330009840e+00 1.595966448019717321e+00 -3.088271712987895046e-01 -2.543207489087113971e-02 -3.920770189894914326e-01 3.601787646739879722e+00 2.637268784697027968e+00 3.483196619578044384e+00
3.239767424014474262e+00 1.557735245029516991e+00 1.557584042564743143e+00 1.570519347629580009e+00 -3.001021950731521115e-01 -2.879134889595073021e-01 -5.067317034334503090e-01 3.323925914040996688e+00 3.332956185962275608e+00 3.820955254582129701e+00
3.337942194439155408e+00 1.310691416441850388e+00 1.527274678226372862e+00 1.325064625230397253e+00 -2.341402045443348456e-01 -4.225548433609516707e-01 -3.346284358119496760e-01 3.130474445291600905e+00 3.836362676778638736e+00 3.526459125884724877e+00
3.436116964863836110e+00 1.147654327117830331e+00 1.276891608970419645e+00 1.085099759848735079e+00 -1.734192669372951745e-01 -2.944590656213809110e-01 -1.331776696760005874e-01 3.015659172657116027e+00 3.491787316093440730e+00 2.982962233237281602e+00
3.534291735288517255e+00 1.082354315060390482e+00 1.055452114477990033e+00 1.010573582453532460e+00 -1.505928381740970212e-01 -1.490852356091759701e-01 -1.111284347815321705e-01 2.941182263401524111e+00 2.849740055380963533e+00 2.750515142285259174e+00
3.632466505713198401e+00 1.076849626826175799e+00 9.847428303389094140e-01 1.018615646317082124e+00 -1.769456183809390293e-01 -1.473574891539795595e-01 -1.764832372622132106e-01 2.817917621610883216e+00 2.500419739421465337e+00 2.628116660690704265e+00
3.730641276137879103e+00 1.090369082568203529e+00 9.979701940684982953e-01 1.045750311257864551e+00 -2.494150244044184839e-01 -1.959168911847195826e-01 -2.451293645368363139e-01 2.615023103807681437e+00 2.338217591254898586e+00 2.483029052704550654e+00
3.828816046562560249e+00 1.116897025848522240e+00 1.061898747733091897e+00 1.095689657788971649e+00 -2.998453223083196173e-01 -2.428194617883185635e-01 -3.067092485838398552e-01 2.468580091957755851e+00 2.324945955701941180e+00 2.442946929361283992e+00
3.926990816987241395e+00 1.124346244648154691e+00 1.133029643267657649e+00 1.112659313540693917e+00 -2.830472734595070872e-01 -2.851587058052483248e-01 -3.239843544469238612e-01 2.412106133200682123e+00 2.428873243153007344e+00 2.443178362050888897e+00
4.025165587411922097e+00 1.072960606580452447e+00 1.123683248156664538e+00 1.040271310718049680e+00 -2.133488924987273772e-01 -2.636767571194908455e-01 -2.587640908819465180e-01 2.394113552086982288e+00 2.494643486316697079e+00 2.374069942084459761e+00
4.123340357836603687e+00 9.828841506854543164e-01 1.011500368470623412e+00 9.205565040391311404e-01 -1.291553361252193999e-01 -1.514067490762903145e-01 -1.528921144506754093e-01 2.393688118068441728e+00 2.440573794951212072e+00 2.291463784327839370e+00
4.221515128261284389e+00 9.040659050520412077e-01 9.022067568271702198e-01 8.447905273526195025e-01 -5.582752197455093796e-02 -5.248264411214739744e-02 -9.386739724576803612e-02 2.407598450938341905e+00 2.392276462547274551e+00 2.310193039759309119e+00
4.319689898685965090e+00 8.688594172337028576e-01 8.827123197210641203e-01 8.351152901214854429e-01 3.690357905634453727e-03 -1.415311327599786534e-02 -6.791185160293453094e-02 2.438196571629370535e+00 2.509796835129101122e+00 2.406352136037042566e+00
4.417864669110646680e+00 8.902388486340913065e-01 9.222360864042405959e-01 8.682587138177647601e-01 5.588247166097465995e-02 4.940798085314784122e-02 -8.448897113811488363e-03 2.496431924283121884e+00 2.638010701185084628e+00 2.473611734513216920e+00
4.516039439535327382e+00 9.745257465263261754e-01 9.876070867620543314e-01 9.522233438983573883e-01 1.043614529888045317e-01 1.435142783401913702e-01 5.641709901051988885e-02 2.610107618439426069e+00 2.657820042601178212e+00 2.556755110718317514e+00
4.614214209960008972e+00 1.119298952283728221e+00 1.112714901499306741e+00 1.088948294344462386e+00 1.440261881403271105e-01 1.962392192771185706e-01 7.862346807083855915e-02 2.821062209223942574e+00 2.770744087770679709e+00 2.732354804550438665e+00
4.712388980384689674e+00 1.266650792718150287e+00 1.249413680266087123e+00 1.199005052109359148e+00 1.802529397202671524e-01 2.263652172780215022e-01 9.054408265091740127e-02 3.094202794626553565e+00 3.025649869624508881e+00 2.931685130293856023e+00
4.810563750809370376e+00 1.294488848905017253e+00 1.299004847121562056e+00 1.215238793205797529e+00 2.345192321400581537e-01 2.732306725600205377e-01 1.360048335645106521e-01 3.261203457816555851e+00 3.299730440001471976e+00 3.110943835036798610e+00
4.908738521234051966e+00 1.204359865206470648e+00 1.245947154994332617e+00 1.163495818938977910e+00 2.763142133320573013e-01 2.974365804626151188e-01 2.092256393204247611e-01 3.280777587565347986e+00 3.457403141826477011e+00 3.267364928668779367e+00
5.006913291658732668e+00 1.091729680341375630e+00 1.111393287895589443e+00 1.083280816775465949e+00 2.784979145641046649e-01 2.526564806205227609e-01 2.635718480158134036e-01 3.182763710031883519e+00 3.265774598272152218e+00 3.283154750559102553e+00
5.105088062083414258e+00 1.005709957778926578e+00 9.440426351710643482e-01 9.841298711050355807e-01 2.419879468792654753e-01 1.295661565558254291e-01 2.245809756252558076e-01 2.973244802585128799e+00 2.729139078629233328e+00 3.007153835559895683e+00
5.203262832508094959e+00 8.652544622774442917e-01 8.054348767706217549e-01 8.728188091597929299e-01 7.128682527460829255e-02 -1.195772142662246407e-02 8.980233907803636395e-02 2.367472930412826582e+00 2.151765219988750033e+00 2.484683830190673515e+00
5.301437602932775661e+00 7.185872332285913044e-01 7.267550720457409685e-01 7.807663063199841158e-01 -1.274067206030497501e-01 -1.060921985647839266e-01 -5.458858476134864635e-02 1.728011882362149310e+00 1.765876514021879728e+00 1.984564916875531493e+00
5.399612373357457251e+00 7.018021300043578714e-01 7.081735112514891961e-01 7.394504172992398816e-01 -1.802115046980577173e-01 -1.492265545552686201e-01 -1.471048168394170352e-01 1.577962108584939793e+00 1.599228039981078542e+00 1.705268698336305455e+00
5.497787143782137953e+00 7.309212262173788721e-01 7.290210281561133598e-01 7.438046302571491575e-01 -1.853073494910836005e-01 -1.630808747146656745e-01 -1.880344795713612960e-01 1.587181113809863486e+00 1.574586728072650876e+00 1.623890841652094519e+00
5.595961914206818655e+00 7.638179610604755032e-01 7.644988895481212854e-01 7.665112125416818634e-01 -1.708839555603495763e-01 -1.606827805799720121e-01 -1.960426645324015171e-01 1.631787643895641349e+00 1.622309405174999331e+00 1.645236910746720405e+00
5.694136684631500245e+00 7.834687573705677588e-01 7.929612106571890529e-01 7.833481710928420494e-01 -1.399248809758437684e-01 -1.440388758947133974e-01 -1.826496159476151959e-01 1.678770045306680947e+00 1.696561503783963198e+00 1.704210696677945336e+00
5.792311455056180947e+00 7.867157720087265549e-01 8.023620066057624012e-01 7.867455161917569217e-01 -9.882522095650521365e-02 -1.136926271741559996e-01 -1.582390048391421611e-01 1.724606973507075924e+00 1.770013918378995577e+00 1.778200398649201874e+00
5.890486225480861648e+00 7.833991167497683650e-01 7.999542694744967708e-01 7.887619549651593287e-01 -5.986154109939199885e-02 -7.919006410352415204e-02 -1.390510672332705422e-01 1.785060858227542901e+00 1.846075739804365234e+00 1.881141415644833614e+00
5.988660995905543238e+00 7.949235843293015469e-01 8.055321670928561328e-01 8.081675758635684659e-01 -4.132505406383073232e-02 -5.325534739781515731e-02 -1.374593402384630680e-01 1.902327188778933031e+00 1.949995650613797427e+00 2.035492908050992256e+00
6.086835766330223940e+00 8.536505274410755018e-01 8.388073056347494783e-01 8.585904850925653031e-01 -6.979449166168530394e-02 -4.320520199946829842e-02 -1.538394066107112712e-01 2.157248998225871794e+00 2.107867388449151669e+00 2.246099674640059884e+00
6.185010536754905530e+00 9.622930769772318760e-01 9.135110341825231073e-01 9.414403731206655301e-01 -1.278951358496872581e-01 -5.473195024615779697e-02 -1.792853046400323391e-01 2.512127356616129958e+00 2.332264204305946720e+00 2.480680813238771876e+00
