0.000000000000000000e+00 1.259929764593989754e+00 1.235413599240321458e+00 1.217880937104126149e+00 2.419930097937273566e-02 -2.698344206675899054e-02 -3.179274495635590891e-02 2.802143096977547820e+00 2.732991737385234821e+00 2.707355886398963740e+00
9.817477042468103487e-02 1.159277039851897451e+00 1.221374090962042080e+00 1.171552315250580012e+00 1.826222701715787128e-02 -8.383280381063869593e-03 -3.786019019916059963e-03 2.567969286361341030e+00 2.767992811797773900e+00 2.625743015816183856e+00
1.963495408493620697e-01 1.114416690370967133e+00 1.195761968272939679e+00 1.142286516732909485e+00 5.839214272342457823e-02 6.049764758625739147e-02 5.775462001055194083e-02 2.474664111016402490e+00 2.736726375127509492e+00 2.557925275220765293e+00
2.945243112740431046e-01 1.117084719401425286e+00 1.177242818294862658e+00 1.147059612807182827e+00 1.118148577473737221e-01 1.271075707257525167e-01 1.122267407893561969e-01 2.454546477444710995e+00 2.636754954607898771e+00 2.512105158170673924e+00
3.926990816987241395e-01 1.163390334889064626e+00 1.175706408014008053e+00 1.180988335927094735e+00 1.547903311230088286e-01 1.581661262352192510e-01 1.306973128160381081e-01 2.491119870756474786e+00 2.508103676128341952e+00 2.485897551872863431e+00
4.908738521234051744e-01 1.249778230812538693e+00 1.189870839642768408e+00 1.229322318190036567e+00 1.439666654778517241e-01 1.309001667093078192e-01 8.557303341741769043e-02 2.601477932031901030e+00 2.405527394853677503e+00 2.495432001450518911e+00
5.890486225480862092e-01 1.323295421750541490e+00 1.221481740055869070e+00 1.274063323573291662e+00 4.138392112199327372e-02 4.799536935094324275e-02 -1.668282357125258977e-02 2.713648930643312251e+00 2.417440263137610401e+00 2.576751192663779388e+00
6.872233929727672441e-01 1.289673211626477523e+00 1.253320266703437547e+00 1.282657636763332443e+00 -3.467653579642151346e-02 -4.317851597875774911e-02 -1.121316375286373623e-01 2.678565969624898901e+00 2.577414508331355769e+00 2.715413203729637015e+00
7.853981633974482790e-01 1.196451867571737049e+00 1.243788312242537941e+00 1.232116992890240459e+00 -2.986566246865536914e-02 -7.787604843589969461e-02 -1.415938145829536421e-01 2.634848862650886581e+00 2.786523842867448142e+00 2.843942786863882688e+00
8.835729338221293139e-01 1.124192611321404911e+00 1.188603792612110244e+00 1.160020670045307289e+00 -2.032700304950755751e-02 -5.132361590293665898e-02 -1.299607792207519708e-01 2.725759977386722266e+00 2.953161182905513993e+00 2.975774413493933679e+00
9.817477042468103487e-01 1.143875571716306716e+00 1.147209699275976158e+00 1.130331207285600215e+00 -9.762454441793746995e-02 -2.453423868494106902e-02 -1.381780639228848973e-01 3.134830075547149875e+00 3.136628079552342019e+00 3.201862539816144437e+00
1.079922474671491273e+00 1.236420354322260051e+00 1.165418301031361681e+00 1.157464844154665773e+00 -2.236080271978768685e-01 -3.989436754857798167e-02 -1.701263591585926993e-01 3.743189850144063691e+00 3.417238312898052577e+00 3.509478563692030928e+00
1.178097245096172418e+00 1.248334592636333396e+00 1.228334755907895870e+00 1.204307842673553841e+00 -1.777819431343461432e-01 -1.007704119540235310e-01 -1.898329916077218238e-01 3.828957989786373250e+00 3.741023646108384337e+00 3.747736446656174891e+00
1.276272015520853564e+00 1.232271610499620751e+00 1.269430308698037857e+00 1.214032728861722088e+00 -9.134871280323619835e-02 -1.657620298952987015e-01 -1.667822173815218800e-01 3.735450012069258197e+00 3.906922749085304680e+00 3.747057993660762421e+00
1.374446785945534488e+00 1.183210317302755277e+00 1.229014405873817273e+00 1.160048524896442723e+00 -2.691635478681451976e-02 -1.681161690100968498e-01 -1.025761397204026371e-01 3.553311531352510322e+00 3.745742766742393481e+00 3.488553533419973540e+00
1.472621556370215412e+00 1.098753971165106424e+00 1.130822107960446798e+00 1.079469172274193145e+00 -1.218270837707582932e-02 -1.073294625610217434e-01 -3.568924944549561884e-02 3.237018299152098599e+00 3.356748951514218149e+00 3.144023475815717283e+00
1.570796326794896558e+00 1.019537241961637530e+00 1.039398382114179009e+00 1.017658531158758928e+00 -2.465817596296489972e-02 -4.486046832463935763e-02 3.686712080490442411e-03 2.884044346223209043e+00 2.958025830166260750e+00 2.851391957709814573e+00
1.668971097219577704e+00 9.760130231838636261e-01 9.761366154977665355e-01 9.768079030724217127e-01 -2.687314456168283378e-02 -1.638757008531578629e-02 1.413543885197408173e-02 2.613325375299565767e+00 2.622259032339078200e+00 2.597066582681817781e+00
1.767145867644258628e+00 9.577447886612370231e-01 9.331765557317240889e-01 9.449928474945963330e-01 -2.306895236292106147e-02 -1.339164536664475685e-02 2.453081830497264026e-03 2.413580058908709081e+00 2.342234500670459241e+00 2.357067754236547685e+00
1.865320638068939552e+00 9.453475563357580658e-01 9.099293919341807646e-01 9.252852302860058442e-01 -3.329536036790370357e-02 -2.363049167266496192e-02 -2.517003891305247959e-02 2.252604781558841029e+00 2.147086151773815565e+00 2.175341312397938598e+00
1.963495408493620697e+00 9.390782294310687783e-01 9.072204807204170551e-01 9.210465031293697535e-01 -6.387026811655742431e-02 -4.678240442620371781e-02 -6.184918792701409040e-02 2.161917946384782407e+00 2.060202890864336833e+00 2.085453952482993145e+00
2.061670178918301843e+00 9.474462367930380768e-01 9.177070763572449108e-01 9.261768496377799087e-01 -9.853437465614625634e-02 -7.319043177156099589e-02 -9.540066979509435885e-02 2.179715709280061198e+00 2.069236571640934219e+00 2.077899059699384487e+00
2.159844949342982545e+00 9.516920709074825346e-01 9.305040716044035154e-01 9.315404494741651442e-01 -1.043868578106939282e-01 -8.373094177670246940e-02 -1.105499588854089582e-01 2.238149527865515687e+00 2.146217290124841082e+00 2.127996722186107803e+00
2.258019719767663691e+00 9.364394251246715983e-01 9.413126378065415079e-01 9.321707531142395808e-01 -6.885692042939205171e-02 -6.790596368383707004e-02 -9.920982620489202097e-02 2.263361605528045661e+00 2.263104122123819728e+00 2.208027190024838049e+00
2.356194490192344837e+00 9.150503664526052905e-01 9.533289411518345302e-01 9.303237189009516683e-01 -1.319055748096947117e-02 -2.741264113214411310e-02 -6.282391561484244880e-02 2.269942081508030007e+00 2.398425647345629574e+00 2.294670676899971173e+00
2.454369260617025983e+00 8.992837442265310122e-01 9.626922095273912072e-01 9.309103117654163873e-01 4.551801881000325234e-02 3.687234581118200433e-02 -8.905254962362052495e-03 2.283124927447830466e+00 2.511837699838769922e+00 2.381386852220727768e+00
2.552544031041707129e+00 8.960320640904445577e-01 9.585158529502548763e-01 9.406780998623374135e-01 9.286342095300462174e-02 1.042153965464932275e-01 3.518650279267891701e-02 2.334309581521627486e+00 2.567361772313658808e+00 2.501720693951187791e+00
2.650718801466387831e+00 9.330511118943555227e-01 9.488400810465832391e-01 9.651681335574698872e-01 8.306377269556655674e-02 1.175910812752664070e-01 2.166348816135121175e-02 2.556027871307745780e+00 2.620741870481531066e+00 2.718323029721728901e+00
2.748893571891068976e+00 1.050010420095955466e+00 9.440347190632843999e-01 9.859378601623355332e-01 -6.321175631316632015e-02 4.190499663885237369e-02 -6.468509086949214559e-02 3.189112501408935874e+00 2.748881917914338224e+00 3.006960872339107471e+00
2.847068342315750122e+00 1.029441296377162418e+00 9.302062537591293534e-01 9.620676071959339826e-01 -1.287579039274709680e-01 -9.139599981667059780e-02 -1.655383528782063685e-01 3.385894297935176045e+00 2.925195211439480580e+00 3.186050697062750903e+00
2.945243112740430824e+00 8.817130034405776806e-01 8.884899422696193039e-01 8.818727972852402619e-01 -1.424050871249990524e-01 -2.030155630924033450e-01 -2.064424748221928563e-01 3.010076712498094498e+00 3.015666934951573896e+00 3.089952003328391150e+00
3.043417883165111970e+00 7.678217546054475484e-01 8.212836581145348536e-01 7.859843260491906625e-01 -1.627962938293605333e-01 -2.395893653751060004e-01 -1.891530288661066594e-01 2.646405323166893808e+00 2.901176666467511822e+00 2.785244143552811025e+00
3.141592653589793116e+00 7.145028217229553169e-01 7.610149000089114768e-01 7.229785666139403322e-01 -1.610587886788247547e-01 -2.193658365892197093e-01 -1.620804883542560637e-01 2.414276686140678141e+00 2.649947871777565744e+00 2.475162545274485204e+00
3.239767424014474262e+00 7.027258359438453006e-01 7.288684011503974158e-01 6.997897036965726736e-01 -1.496109112643435324e-01 -1.853201200047018826e-01 -1.438933916017290371e-01 2.252614513417560804e+00 2.384535107495510342e+00 2.230507381207219808e+00
3.337942194439155408e+00 7.154596497429628332e-01 7.182848686142676575e-01 6.988150668106245522e-01 -1.355217890033742767e-01 -1.572288236665377870e-01 -1.304532334638124902e-01 2.116787180397617263e+00 2.138605783978390740e+00 2.020734686757904353e+00
3.436116964863836110e+00 7.406668494418030546e-01 7.321054287236857805e-01 7.174353104945886406e-01 -1.174651479295789891e-01 -1.223503438744424215e-01 -1.110182956589564757e-01 1.998655259426503239e+00 1.965707587124673195e+00 1.872349686208900854e+00
3.534291735288517255e+00 7.690198665201369854e-01 7.616619587637692979e-01 7.508909886403071221e-01 -9.166145215054433137e-02 -7.672283401541671322e-02 -8.265754436574682118e-02 1.908076494454759464e+00 1.872842317157927150e+00 1.803057458971917493e+00
3.632466505713198401e+00 7.941850612320341396e-01 7.854795221099423186e-01 7.811304913769885339e-01 -5.763259521214628839e-02 -4.614434891281281315e-02 -6.179664670990600572e-02 1.857571523708644534e+00 1.818528103002504226e+00 1.779772763942689684e+00
3.730641276137879103e+00 8.157305734630179161e-01 8.019719160033677019e-01 8.031624907852616957e-01 -2.154404685119081994e-02 -3.251929889422620901e-02 -5.315010928854893568e-02 1.859766591786984113e+00 1.807165042360929341e+00 1.790373964331096079e+00
3.828816046562560249e+00 8.431758379753402366e-01 8.247018668382204432e-01 8.287061294948010470e-01 3.872734499282739357e-03 -1.429389407577643170e-02 -4.367587184279503321e-02 1.937084288224480977e+00 1.870925330159577404e+00 1.861717982042923270e+00
3.926990816987241395e+00 8.938624054220744020e-01 8.669419992429878707e-01 8.723318224287784917e-01 5.512741491900157581e-03 2.069541205693169184e-02 -3.016630539631786484e-02 2.120220142692732956e+00 2.028241876696674773e+00 2.023828817953519543e+00
4.025165587411922097e+00 9.699509464123751146e-01 9.477061303194515007e-01 9.473901256099178658e-01 -3.523851540790459008e-03 5.753565599924662100e-02 -2.061182796136795670e-02 2.375335635414728142e+00 2.307887202680972916e+00 2.284353663827739300e+00
4.123340357836603687e+00 1.051042767407227796e+00 1.085965887438131050e+00 1.061199771739878450e+00 1.812725713588054371e-02 1.004891479021385731e-01 9.264997619772091797e-03 2.582269799141687194e+00 2.716214420038122412e+00 2.613580420102977531e+00
4.221515128261284389e+00 1.140466595195676724e+00 1.231936179369633289e+00 1.186430720444275222e+00 7.440633994181673760e-02 1.480706117562807511e-01 7.869886898441443013e-02 2.729054386280859390e+00 3.039913207531127703e+00 2.882026349044914948e+00
4.319689898685965090e+00 1.241570801300131643e+00 1.282395564811176225e+00 1.247557455487422029e+00 1.486735575045229074e-01 1.408674881659420230e-01 1.277717656106852062e-01 2.865693666153970920e+00 2.990701258104881077e+00 2.892123751922829111e+00
4.417864669110646680e+00 1.314176240216398561e+00 1.219131910574787536e+00 1.204645515828783209e+00 2.158043755523994245e-01 8.354864858283379825e-02 1.089337536547310414e-01 2.976099363121086139e+00 2.662292326702700329e+00 2.653233259476979633e+00
4.516039439535327382e+00 1.218021595824633652e+00 1.130170226609769957e+00 1.116698399520743346e+00 1.357311504673804625e-01 4.974829096418900004e-02 6.293311133976979554e-02 2.714800951757791569e+00 2.411792746305182700e+00 2.416516276999661539e+00
4.614214209960008972e+00 1.065906556227706581e+00 1.077882463159805626e+00 1.048104473541603854e+00 3.236643717074741411e-02 6.119867592704362341e-02 4.407262882673294857e-02 2.382775011844584956e+00 2.395826808519873730e+00 2.343298119743335572e+00
4.712388980384689674e+00 9.829155615399778334e-01 1.044954559353668655e+00 9.993058120714575221e-01 3.163705415176687463e-02 9.898742495108556194e-02 6.829063925959968917e-02 2.297470708000310946e+00 2.498769291082866051e+00 2.382459669501250765e+00
4.810563750809370376e+00 9.346153459225544635e-01 9.958232318274599093e-01 9.540017201559367610e-01 6.777132456707020414e-02 1.316115539113291155e-01 1.106412866315761301e-01 2.301069225650188343e+00 2.528871610967215577e+00 2.416277203537174234e+00
4.908738521234051966e+00 9.098692971391622031e-01 9.276362467146782587e-01 9.080148620452341834e-01 1.096346169533005677e-01 1.228119768132998474e-01 1.269554301134604435e-01 2.320858579045485204e+00 2.401218699543073765e+00 2.362508230159673595e+00
5.006913291658732668e+00 8.997510714378831320e-01 8.578454148012307767e-01 8.596517542890284025e-01 1.413353393099798239e-01 7.566145907542744242e-02 1.000979877590669198e-01 2.315695721572875510e+00 2.168572984618424737e+00 2.199052806519051995e+00
5.105088062083414258e+00 8.517028273756932499e-01 8.022903915314936185e-01 8.136486258343036404e-01 1.005688438885395386e-01 2.587886744142319992e-02 5.043435022412209867e-02 2.122590885309380671e+00 1.939374949702786122e+00 1.989667333147408623e+00
5.203262832508094959e+00 7.783064389033489405e-01 7.700433502784397310e-01 7.814299979780312544e-01 8.713400427653896288e-03 -6.402127709230973074e-03 4.183666207698364531e-03 1.835049361658615208e+00 1.794595822835194809e+00 1.832797312276690516e+00
5.301437602932775661e+00 7.567724858359121676e-01 7.588733092988028117e-01 7.673741547755111858e-01 -3.142099392876478853e-02 -2.149874353945020744e-02 -2.689377263732536591e-02 1.750349271761438619e+00 1.748270046522516052e+00 1.772457764052495000e+00
5.399612373357457251e+00 7.698534948241659848e-01 7.625618810092748001e-01 7.676790816657825811e-01 -3.699804620831900065e-02 -2.430162932147605925e-02 -4.241836396047954372e-02 1.810858935021303351e+00 1.784330428261654111e+00 1.799409622976556156e+00
5.497787143782137953e+00 7.910140379709559300e-01 7.782645699169141729e-01 7.782639550203647172e-01 -2.798307705364224546e-02 -1.650071840007463070e-02 -4.383239100369533403e-02 1.925624955164126906e+00 1.887710742720920098e+00 1.889941222643738428e+00
5.595961914206818655e+00 8.101746259337230249e-01 8.069752384679123036e-01 7.993440620192995283e-01 -5.992832864537101650e-03 4.134478681598829919e-03 -3.056648510728864065e-02 2.044504235130869318e+00 2.045924088656720041e+00 2.022978119784215600e+00
5.694136684631500245e+00 8.323271352897996245e-01 8.493275912369538938e-01 8.335155863497878403e-01 2.688774087277339200e-02 3.707936232956256239e-02 -5.240126820825745380e-03 2.152494597327885728e+00 2.229850015806779329e+00 2.172131116794765671e+00
5.792311455056180947e+00 8.715433287835318010e-01 9.120735114373405006e-01 8.912026923098252951e-01 6.552739720839240167e-02 8.213964423027780848e-02 2.918262927495086229e-02 2.261224971472055589e+00 2.415395940903649841e+00 2.329288134545778544e+00
5.890486225480861648e+00 9.454103514139764464e-01 1.006073385302103773e+00 9.889665720232654333e-01 1.029091482760277343e-01 1.373038745436798158e-01 7.276761344208282356e-02 2.400741869032419373e+00 2.597151603925681229e+00 2.517512712647832718e+00
5.988660995905543238e+00 1.075854026126814356e+00 1.113024484517836532e+00 1.113399593188893588e+00 1.223767316215702006e-01 1.660350361614875703e-01 1.004203311489567096e-01 2.630079899579703007e+00 2.715211157044715939e+00 2.700956287932950950e+00
6.086835766330223940e+00 1.260669311885308064e+00 1.192792790663922853e+00 1.211925176932951986e+00 1.056101891495021955e-01 1.233067453508457645e-01 7.179134710273130104e-02 2.969455824902786034e+00 2.726262513321607184e+00 2.793059327772018818e+00
6.185010536754905530e+00 1.352620539909995978e+00 1.229650535466141115e+00 1.244248053815540267e+00 7.385445172835213012e-02 3.269841153020795060e-02 4.408969159809990324e-03 3.085709882047727337e+00 2.707152562400744422e+00 2.778472202848163430e+00
