0.000000000000000000e+00 9.799264849449117465e-01 9.939636035535492908e-01 9.247432947262081981e-01 6.012816274456852898e-03 2.681504887597268572e-01 -3.557227728353515306e-02 2.402623213007337721e+00 2.588497235336952418e+00 2.225744061836491205e+00
1.963495408493620697e-01 9.488004339459875647e-01 1.018228348681520457e+00 9.212235911646872166e-01 6.245741080232266457e-02 2.093399710240009814e-01 7.897177338586895690e-02 2.697493437681200312e+00 3.137882819049777616e+00 2.672569176309068428e+00
3.926990816987241395e-01 9.891979076633359291e-01 9.723361176139142525e-01 1.005891062792178214e+00 1.464914690285697985e-01 3.791948207112980085e-02 2.574994894915034194e-01 2.979041761553204104e+00 2.889334660888552619e+00 2.976704851634837112e+00
5.890486225480862092e-01 1.323232661849176539e+00 1.213647458441584392e+00 1.231614130599164136e+00 3.525656218674897979e-01 6.441157116051356157e-02 2.442859646414650698e-01 3.222726118938795015e+00 2.646804680266522158e+00 2.699876283201956717e+00
7.853981633974482790e-01 1.204238078825694558e+00 1.386402668808951466e+00 1.304954476542474096e+00 8.068711030117442506e-02 1.604137204182448373e-01 1.164215012980059638e-01 2.184231854396748052e+00 2.712471535126245392e+00 2.302740974260181428e+00
9.817477042468103487e-01 1.277447369169877778e+00 1.136053207881696059e+00 1.147022733359891467e+00 -1.782427562475217830e-01 1.189979442981010382e-01 -3.535116120713784060e-02 3.181684659615896305e+00 2.820697581605905224e+00 2.751205225357846729e+00
1.178097245096172418e+00 1.029116297680471526e+00 9.899307265341923401e-01 1.023631563538009548e+00 -6.488071344107117222e-02 -1.283077321945799015e-02 -1.044947228862045246e-01 3.398717503044323518e+00 3.171548633008264506e+00 3.222074602433166124e+00
1.374446785945534488e+00 9.991784299352046705e-01 1.000559020679695488e+00 9.758663581152211552e-01 1.418370459049786945e-02 -1.408420556347356467e-01 -3.888783545312197998e-02 3.173212403464530595e+00 3.221555691277043998e+00 2.965990544943631679e+00
1.570796326794896558e+00 9.210912985643197048e-01 9.830690978364946542e-01 9.509103331352801725e-01 -4.872858006700703237e-02 -2.542466444000547887e-01 1.425270308183247681e-02 2.520190685951324561e+00 2.784964852862492624e+00 2.434587963487284679e+00
1.767145867644258628e+00 8.700034756178740558e-01 9.268731839748365342e-01 8.826098525381146365e-01 -7.955404268323941486e-02 -1.376739076852827592e-01 -2.720306353422903903e-02 2.329158066987791820e+00 2.539514151240934492e+00 2.267342490102935315e+00
1.963495408493620697e+00 9.278464636335193028e-01 8.411269522946707156e-01 9.058795134891218792e-01 -1.240260843005469571e-01 1.654404303038863738e-02 -1.106163243415873298e-01 2.503712047494857096e+00 2.224517495910618425e+00 2.375181899214262149e+00
2.159844949342982545e+00 1.067017404495480992e+00 1.008670275941030203e+00 1.093642753026275560e+00 -5.881443564746917374e-02 5.214181321322598067e-02 -6.537456564819607574e-02 2.528486985217031524e+00 2.332245965459232906e+00 2.440604937760457283e+00
2.356194490192344837e+00 1.207670640595670308e+00 1.308217199103979489e+00 1.254870046367547509e+00 1.141087389954099640e-01 1.028112474560210626e-01 1.536171144851735948e-01 2.516299923312481202e+00 2.801977472885422760e+00 2.377398704788664663e+00
2.552544031041707129e+00 1.159284856803188379e+00 1.345096457024096415e+00 1.158394454226371106e+00 2.565694343355660045e-01 1.767083549487894478e-01 2.584867849454525190e-01 2.623926688382226313e+00 3.280428053594443227e+00 2.477751546332981558e+00
2.748893571891068976e+00 1.217825876560811649e+00 1.144849228417728071e+00 1.117555151176326422e+00 8.453261224174032917e-02 2.591720105189080359e-01 1.672641747466356854e-01 3.379870444458352274e+00 3.069411110964245459e+00 2.955165558038145068e+00
2.945243112740430824e+00 1.338539337948906782e+00 1.056627840850686617e+00 1.271475494864553468e+00 -2.467412325892268110e-02 -5.342205713054200972e-02 1.935702351827504539e-02 3.367718100580336493e+00 2.555564739835919585e+00 3.256350887312518871e+00
3.141592653589793116e+00 1.225941382730677987e+00 1.160666963703122834e+00 1.304648281821896738e+00 -2.992307383753925465e-01 -4.683066301057263736e-01 -1.735340171309036617e-01 2.535204364855380810e+00 2.431888776988104794e+00 2.720169697005822673e+00
3.337942194439155408e+00 1.085785571774644964e+00 1.265656497638942612e+00 1.134949866879251923e+00 -4.332463723622712592e-01 -3.904710305582330676e-01 -3.397419101466881974e-01 2.337232087211957410e+00 2.740274268938870161e+00 2.195908484752187917e+00
3.534291735288517255e+00 1.031051656165861141e+00 1.182550306664734929e+00 1.021937519741047407e+00 -2.834694125555188293e-01 -1.184578861660759153e-01 -3.260843834930531870e-01 2.401062394237636788e+00 2.821124066935913444e+00 2.183272113100901635e+00
3.730641276137879103e+00 1.039131888393848069e+00 9.819514138598797182e-01 1.067497268416361278e+00 -1.082977976306870455e-01 -7.635727099023205400e-02 -1.320667674202712361e-01 2.408886327509645930e+00 2.299036995887813184e+00 2.400546073078560383e+00
3.926990816987241395e+00 1.048663821989445522e+00 9.786032473129920861e-01 1.080825206474820277e+00 6.822845824018418381e-02 -2.021386277596342596e-01 1.208712908678207520e-01 2.397501438310756683e+00 2.169560305141072565e+00 2.337246197189924324e+00
4.123340357836603687e+00 8.852900507782243134e-01 9.176271153780175549e-01 9.583332977985087320e-01 6.301113807921387977e-02 -7.643336594670918638e-02 1.324162944005879139e-01 2.128822941869796814e+00 2.154171853466974706e+00 2.157948417410646691e+00
4.319689898685965090e+00 8.179673839975649674e-01 8.406602883827590800e-01 8.374154751070359559e-01 -7.063060371121630820e-02 1.758477175290512340e-01 -5.189520683889996960e-02 2.137027740895788064e+00 2.245950477498323217e+00 2.092707221663036687e+00
4.516039439535327382e+00 8.833169566972085551e-01 8.887610020216913931e-01 8.620815852549735814e-01 -4.957907274740906700e-02 2.018688957384027205e-01 -5.957301964058674126e-02 2.322811372340537694e+00 2.436316107222706862e+00 2.210732832830203609e+00
4.712388980384689674e+00 9.788040237907253971e-01 9.401976768497506409e-01 1.015496496488430989e+00 9.094809594672795261e-02 -2.886924887959455011e-02 1.354579030814806184e-01 2.362729410050908196e+00 2.280176645640165756e+00 2.406630023026167020e+00
4.908738521234051966e+00 1.035514519875806450e+00 9.695255728656776428e-01 9.831854645200059917e-01 2.089505650702223327e-01 -1.381710969861645599e-01 1.361608084790637274e-01 2.375155029805408713e+00 2.086927185146350894e+00 2.107611260416141441e+00
5.105088062083414258e+00 8.020802143094466485e-01 8.712126583781779621e-01 8.577886398834065895e-01 -1.353090178186326653e-01 -2.479281200690824222e-02 -4.140944294339333337e-02 1.828459428767381212e+00 1.942019077699447482e+00 1.902190904266434890e+00
5.301437602932775661e+00 7.575741513534306470e-01 7.296740734751941959e-01 7.325285871775727431e-01 -1.343013259045834629e-01 6.920869560567105561e-02 -1.447245384162171855e-01 2.069706168615450537e+00 1.975450239342851910e+00 1.975354634123595243e+00
5.497787143782137953e+00 6.817643154481645151e-01 7.295240640792035602e-01 6.591181312359836175e-01 -2.947942264560357226e-02 2.598259133582505112e-02 -6.894430725514065494e-02 2.128167729372889116e+00 2.414309202819062250e+00 2.005353168026269728e+00
5.694136684631500245e+00 6.738571515393090294e-01 6.598384794172441614e-01 6.653221040688750421e-01 5.570284496710213584e-02 -1.139809129674542870e-01 1.055606461531451851e-01 2.162188767319020766e+00 2.141966371115096912e+00 2.060728284650855002e+00
5.890486225480861648e+00 7.472914039053912827e-01 6.766892004657789617e-01 7.529035204807149606e-01 1.027342797351467607e-01 -1.209188265739552515e-01 1.236981774415618629e-01 2.154995717916919684e+00 1.776194513911025119e+00 2.087080605517900977e+00
6.086835766330223940e+00 8.729363597676657038e-01 8.812100518682061123e-01 8.933170910040835189e-01 4.667388073748245797e-02 7.685895611039139652e-02 4.383039994750751595e-02 2.138569937648922892e+00 2.079387222631146059e+00 2.053980512692443305e+00
