0.000000000000000000e+00 9.156917697900684994e-01 9.896087581940005151e-01 9.289488675107794302e-01 -1.132299286668978361e-01 -3.816445327837099388e-02 -8.080865371718518042e-02 2.191961670179723320e+00 2.450568452777236672e+00 2.341183892785065446e+00
1.963495408493620697e-01 9.305957832998928980e-01 9.792172969192107779e-01 9.459738088563649505e-01 7.872064862826381321e-03 -6.971470319103148516e-02 5.205938173393812041e-02 2.057045432794108120e+00 2.206354520317189483e+00 2.066280032317134641e+00
3.926990816987241395e-01 9.238899137470309997e-01 9.947703430556182891e-01 9.501799868721619857e-01 1.393220149395269225e-01 -4.990940003117945445e-02 1.505325403240945492e-01 1.961067075000039406e+00 2.143317696890709279e+00 2.059647208196544899e+00
5.890486225480862092e-01 1.213977808062343122e+00 9.650484413468456424e-01 1.029382867919552247e+00 -2.995816092737655367e-01 3.705926706859252739e-02 -5.449491066493523939e-02 3.241402030068134543e+00 2.311774177677875297e+00 2.724817797204040826e+00
7.853981633974482790e-01 1.095486466838366146e+00 1.063813719061583951e+00 1.088432626985068596e+00 -2.482906976251778031e-01 -1.659451780235110530e-02 -3.030789965525704233e-01 3.120590869573097059e+00 2.979095136443330460e+00 3.384412285504511786e+00
9.817477042468103487e-01 1.086816269980704019e+00 1.238053909660121521e+00 1.091667181771816431e+00 -1.037494973997793585e-01 -2.743573727154075548e-01 -1.335307528906300445e-01 2.898990994745655581e+00 3.579529680232425015e+00 3.200716602758349350e+00
1.178097245096172418e+00 1.116210893105465951e+00 1.261007297596717036e+00 1.043522927812139844e+00 4.958179157809444043e-02 -3.170725424426483197e-01 1.567095662634994668e-01 2.801962089138104073e+00 3.401844934448311264e+00 2.644379352188114041e+00
1.374446785945534488e+00 9.973365315476132587e-01 9.978109006737007070e-01 9.778298474750179992e-01 3.707825963679445280e-02 4.607963531533820767e-02 1.071413707800646792e-01 2.612067240691753334e+00 2.554390768850846261e+00 2.496545238799968924e+00
1.570796326794896558e+00 8.465603189040995513e-01 6.925184850467103193e-01 9.361110461622234036e-01 -8.857231514751266743e-02 1.984474864664513838e-01 -5.936509219166238166e-02 2.343165309792639039e+00 1.776146572665925794e+00 2.578466089500335734e+00
1.767145867644258628e+00 8.028233382577665278e-01 6.885529666611451827e-01 8.372284108330986241e-01 -5.617039465809975374e-02 -3.368427174759529297e-02 -6.039889657631875020e-02 2.280673937878096691e+00 1.865337340607337246e+00 2.474405865390374437e+00
1.963495408493620697e+00 7.731687119570790356e-01 7.057738732240343982e-01 8.061992919409092240e-01 -1.265129380778409231e-02 -2.222283012238757405e-01 2.734541409297314152e-02 2.141300474329056236e+00 1.899847428106778757e+00 2.196120369035217124e+00
2.159844949342982545e+00 7.370794069432817786e-01 7.759089686696170052e-01 7.555057117230398189e-01 7.819958917246632932e-03 -1.318994699541947424e-01 3.435233136211855026e-02 1.965522859347156093e+00 2.095723393317804106e+00 1.982654947001835533e+00
2.356194490192344837e+00 7.398801246556299116e-01 8.680567468610311810e-01 7.087295454130223549e-01 5.585512684255947158e-02 1.935380701995914055e-01 2.789709369956634710e-02 1.973346455221019369e+00 2.453918883028647357e+00 1.844866217657538998e+00
2.552544031041707129e+00 7.832734180090045184e-01 8.950551702457125725e-01 7.530213493937214508e-01 1.183915910039299302e-01 3.916026957235511641e-01 1.247327607937821214e-01 2.150606964165131529e+00 2.666092173938751753e+00 2.099615750053073437e+00
2.748893571891068976e+00 8.789176768754586311e-01 9.175387142463131696e-01 9.154408490273800991e-01 1.792790189011600199e-01 2.103527574282726964e-01 2.679306170176508073e-01 2.484355445603330548e+00 2.662948243941574145e+00 2.918194816669019698e+00
2.945243112740430824e+00 1.184897784162648460e+00 8.981319551534955314e-01 1.131788315859199257e+00 1.189679583220013132e-01 -5.053589739710039747e-02 1.700362010480222508e-01 3.419373463087806542e+00 2.310786681196507431e+00 3.414416120794968812e+00
3.141592653589793116e+00 1.088792384268538971e+00 1.085629956394739359e+00 1.144697926555974021e+00 -2.808783706322801055e-01 -1.713314068806644219e-01 -1.461730360335588563e-01 2.584025418400545338e+00 2.572352126206673084e+00 2.951195217055601283e+00
3.337942194439155408e+00 1.093593396464365819e+00 1.273744363824930836e+00 1.123522267126303653e+00 -2.250065551656640350e-01 -1.805612391875584255e-01 -2.268413954465247628e-01 2.395211216753841299e+00 2.962391811876318393e+00 2.487034929090596425e+00
3.534291735288517255e+00 1.110562412680215827e+00 1.234819795558245170e+00 1.125902523477966488e+00 -5.240240221080579019e-02 -1.173121950573088046e-01 -2.239739867315901356e-02 2.540023133036155567e+00 2.984979974570070027e+00 2.556275922081462149e+00
3.730641276137879103e+00 1.121462999352185630e+00 1.091655015709012799e+00 1.126581976925459472e+00 6.044028887130108163e-02 2.726815315414160557e-03 1.113202532256639399e-01 2.832233648693825323e+00 2.757851207636216717e+00 2.896503944811687603e+00
3.926990816987241395e+00 1.175956027955283645e+00 1.052938259330292947e+00 1.183491948197634702e+00 1.031430060311002983e-01 1.036057424949331229e-01 1.126305049842766526e-01 3.003769069589841134e+00 2.568532069582364130e+00 3.040431362345631161e+00
4.123340357836603687e+00 1.154064305479388208e+00 1.160467090728101613e+00 1.216348039785069002e+00 9.113519445601191149e-02 1.434397588843079885e-01 1.284334582854049778e-01 2.679256797079627272e+00 2.678883472152389533e+00 2.866914124649288187e+00
4.319689898685965090e+00 1.122049822433795807e+00 1.216153421893511277e+00 1.163245104937706165e+00 1.441501273839589925e-01 1.369148840161180103e-01 1.678572025182016314e-01 2.632634066831251562e+00 2.955797843196746655e+00 2.769675489018670334e+00
4.516039439535327382e+00 1.093866579546019402e+00 1.108901240709738278e+00 1.069319600986070373e+00 1.380430447736616661e-01 1.758644798249194285e-01 1.513285089184503718e-01 2.926790691830900570e+00 2.996113824421950955e+00 2.918905364535854474e+00
4.712388980384689674e+00 1.031769385629250468e+00 9.585522692723409399e-01 1.012117681682166648e+00 1.149802460973456952e-01 1.856932658842720685e-01 1.057118822873473474e-01 3.018557289419343093e+00 2.734327210048598911e+00 3.009422553490854746e+00
4.908738521234051966e+00 9.550492402513156565e-01 8.865429522036225585e-01 9.614323356958862643e-01 8.980818686159172670e-02 -3.098160954445934590e-03 1.032757014829026876e-01 2.656229834284998592e+00 2.424603240238466295e+00 2.764467505393881197e+00
5.105088062083414258e+00 8.845782015376619789e-01 8.667891163313289349e-01 8.876540636849266086e-01 3.841450474034930479e-02 -1.367863333094543055e-01 7.889997770695747481e-02 2.180059209015319688e+00 2.139929187696796742e+00 2.278075877839993879e+00
5.301437602932775661e+00 8.541031833177287202e-01 9.458681309348775379e-01 8.464562675300107975e-01 -1.481907870790975801e-02 -1.498523294874535769e-02 6.734221079767524487e-03 1.889493957222482701e+00 2.184469662005747104e+00 1.922642740406826478e+00
5.497787143782137953e+00 9.641471572462101403e-01 1.040606269087727132e+00 9.322822433748810811e-01 -3.690600010076702797e-02 1.384992967996715452e-01 -2.326030663382992747e-02 2.068520545567540836e+00 2.309538549620387293e+00 2.019907768316469010e+00
5.694136684631500245e+00 1.094907682400206195e+00 1.066926300418413742e+00 1.114096510975725485e+00 -6.868745216660049162e-03 9.907419464134488429e-02 2.393562858912229308e-02 2.379680289702146290e+00 2.312921653141765344e+00 2.516230705795837519e+00
5.890486225480861648e+00 1.169989894369603656e+00 1.051422974845805491e+00 1.173495340406242704e+00 2.168815234596140062e-02 -8.516658155076686776e-02 5.233357131293094044e-02 2.763108855525890473e+00 2.389908197368619369e+00 2.852580469249413220e+00
6.086835766330223940e+00 1.055308421386583317e+00 1.028115296141454360e+00 1.040581640267996599e+00 -8.855581213611327107e-02 -1.071739561991251616e-01 -3.024667207994638507e-02 2.673670508489814690e+00 2.543107686621842500e+00 2.716513005260137170e+00
