0.000000000000000000e+00 8.838036887333491354e-01 9.037118485303958781e-01 8.913053863632581786e-01 1.097017236571048299e-01 -1.303858250389542395e-01 7.448199163232463449e-02 2.335978384721315582e+00 2.397899745955619721e+00 2.370184315173024636e+00
1.963495408493620697e-01 8.117161603451161778e-01 9.003298578447039846e-01 7.874680979295491934e-01 1.023309009521740365e-01 -4.407066287262832727e-02 1.301771037342362367e-02 2.190327753007127232e+00 2.484568124725472060e+00 2.117027654379390000e+00
3.926990816987241395e-01 8.876491450996962795e-01 8.397668385326424456e-01 9.050149622742549305e-01 -1.578258223035652885e-01 9.157445168822611614e-02 -1.786679647892414624e-01 2.232591043062670089e+00 2.045702773000590113e+00 2.318537216368138587e+00
5.890486225480862092e-01 1.010734721034684647e+00 8.601188038809910452e-01 1.024510089390511469e+00 -1.236051112404811247e-01 -6.024271723499062536e-02 -1.849124116474279989e-01 2.322962409465443745e+00 1.842982982487088250e+00 2.385943472674795007e+00
7.853981633974482790e-01 9.564646111967288755e-01 8.867186639793112057e-01 9.532590409198030690e-01 -2.458256827857373955e-02 -2.259332605129389937e-01 -1.125641975950953805e-01 2.126588614176899039e+00 1.894545805035647845e+00 2.093978331447452046e+00
9.817477042468103487e-01 7.944917472701626959e-01 9.670067122314338626e-01 7.731015842837261065e-01 -3.153094241465911884e-02 -1.087912535689767590e-01 -1.062744343370217726e-01 1.766382961904599869e+00 2.335260932414422452e+00 1.678923093394655064e+00
1.178097245096172418e+00 7.887543185927461398e-01 9.355325668007690165e-01 7.967538819529286220e-01 -6.999420433811643846e-04 1.269400271519225409e-01 -6.811299106102478018e-02 1.804669167997535739e+00 2.317672228184107563e+00 1.816591535736865826e+00
1.374446785945534488e+00 9.105713876257517381e-01 8.168735491270009419e-01 9.934235190828546447e-01 4.854674312967890287e-02 1.712497676072661790e-01 3.673577382473092873e-02 2.047217120773415999e+00 1.750475460051046817e+00 2.199663830792090824e+00
1.570796326794896558e+00 1.036666383302095040e+00 8.922376514252962076e-01 1.064907342507987353e+00 2.064359094703525910e-01 1.163327279701272948e-01 1.525556044981353776e-01 2.134226742795185316e+00 1.650831345270081574e+00 2.053284135757917461e+00
1.767145867644258628e+00 1.009160296555146274e+00 1.020153694132862610e+00 9.309708870010443560e-01 3.280331507834796656e-01 1.565553844679651030e-01 1.591238573921618660e-01 1.972587607339737925e+00 1.940627371908427046e+00 1.682304091729053042e+00
1.963495408493620697e+00 8.004385043470934047e-01 1.023674751546890915e+00 8.738575490318746253e-01 2.548230741790012410e-01 3.130625064399908952e-01 1.600664033704501943e-02 1.569949378373592941e+00 2.268476523636487219e+00 1.917675094363297639e+00
2.159844949342982545e+00 1.018170838514304011e+00 8.591901287851474445e-01 9.953012775850476057e-01 -4.346430376459982370e-02 3.280047995408281181e-01 -9.258913309849275963e-02 2.553254596761687090e+00 2.156305881641887634e+00 2.727632278639250618e+00
2.356194490192344837e+00 1.009353365570115013e+00 8.997488537717649448e-01 1.071460439675934184e+00 7.360198296615173830e-02 2.711384650080479394e-02 -3.890838779775834810e-02 2.646474265338455201e+00 2.284702630088490061e+00 2.801957109671428636e+00
2.552544031041707129e+00 1.123119622769231718e+00 1.131249176081307484e+00 1.007477079076249504e+00 2.081852051564097306e-01 -1.876911835566838493e-01 -2.102106637346307094e-03 2.623109665911144361e+00 2.585537458932247734e+00 2.076295330281953344e+00
2.748893571891068976e+00 9.940326884163975807e-01 1.183428054117320549e+00 9.305327793371802603e-01 -5.320382658840257933e-02 -3.492413953749291811e-02 -6.371845298713037231e-02 2.034868108359120242e+00 2.579947140583512599e+00 1.966213385157989935e+00
2.945243112740430824e+00 9.394463673703065121e-01 8.764402813942797632e-01 8.651781462456271665e-01 -6.363141783669906681e-02 1.557582662340420698e-01 -1.910885284168461207e-01 2.265955433112099460e+00 2.198252224309631409e+00 2.521285967719583354e+00
3.141592653589793116e+00 8.591119602445623782e-01 7.745104679474671405e-01 8.980879559465292372e-01 -6.385587024236866194e-02 -4.786726943720782945e-02 -1.693199395830927434e-01 2.708891386368689869e+00 2.516432304155815647e+00 3.214063811220495559e+00
3.337942194439155408e+00 1.103979236295947519e+00 9.324145034571972301e-01 1.016406189152308848e+00 -3.270471076474624206e-01 -2.887561956055870738e-01 -2.631144911660309171e-01 3.951440463757242227e+00 3.118183669990876705e+00 3.430439637165569433e+00
3.534291735288517255e+00 1.283659834294285540e+00 1.300250363720996338e+00 1.287030434549340852e+00 -2.095729914994717002e-01 -2.173897711021495205e-01 -4.449178087414017435e-01 3.527759677223951673e+00 3.627988083123564245e+00 3.561038876818130916e+00
3.730641276137879103e+00 1.328960222143020564e+00 1.579282916393782710e+00 1.377473443443573586e+00 -5.787517323669267438e-02 -2.010525276232476011e-01 -1.171908637086329363e-01 3.091433086469299596e+00 4.009661446476791902e+00 3.537482986827883202e+00
3.926990816987241395e+00 1.190168939946377291e+00 1.451769307444044088e+00 1.160529278002313092e+00 1.285138265100505273e-01 -1.949297892667193471e-02 1.690868967411006119e-01 3.081712738060830237e+00 4.099997585780045917e+00 3.238561235610855515e+00
4.123340357836603687e+00 1.365903727289323077e+00 1.264003565682802366e+00 1.162603394988887429e+00 1.157755099521728948e-02 2.826329862915257229e-01 3.452405626428896313e-02 4.149031907465196234e+00 3.748521086613469500e+00 3.495014218669011186e+00
4.319689898685965090e+00 1.454169217191814356e+00 1.122069352644222695e+00 1.358406592041413008e+00 1.320825392726558689e-01 2.049082239776166825e-01 -9.052502066019380011e-02 4.030895654244599946e+00 2.942274844895829133e+00 3.941974451290263470e+00
4.516039439535327382e+00 1.214425501826632114e+00 1.134731963511657060e+00 1.281505238923413392e+00 3.538778597880098964e-02 -1.964311746552236948e-01 -9.957695710637307074e-02 3.037716168106922687e+00 2.771928361585387357e+00 3.381462352378333591e+00
4.712388980384689674e+00 1.022498881521681335e+00 1.176973753548349988e+00 9.589074112168277653e-01 -8.265502933032024824e-02 -3.022844585967385256e-01 -1.012864811243625596e-01 2.699096884297479626e+00 3.218367614436327351e+00 2.421759208356217830e+00
4.908738521234051966e+00 9.385236679535322590e-01 1.038063812025922017e+00 8.715579093256677901e-01 -2.356319579593652846e-01 4.911445506598453858e-02 -2.032392873726990012e-01 2.760325004638995328e+00 3.062419122484955736e+00 2.443544115194324462e+00
5.105088062083414258e+00 8.730264890693286706e-01 8.244912761483830232e-01 9.255323099884836813e-01 -1.069539957830896032e-01 2.066277805232109854e-01 -1.864751764807719425e-01 2.720048106361769413e+00 2.490066339194417111e+00 2.979078127134587195e+00
5.301437602932775661e+00 8.765086723591686280e-01 8.187086949060928820e-01 8.963652820830431134e-01 3.907133093565846177e-02 -1.835730505066542617e-01 4.396518020476991584e-02 2.694764676189465913e+00 2.531314487123486501e+00 2.854848033379491223e+00
5.497787143782137953e+00 8.592525163798871990e-01 7.973444069473317741e-01 7.892024798391423790e-01 6.193383465091158169e-02 -3.207561981824076369e-01 2.567567456449287855e-03 2.340157843688303707e+00 2.202946383625069782e+00 2.133343359015711815e+00
5.694136684631500245e+00 7.794925301802945183e-01 8.795178329382319360e-01 7.894703057448242411e-01 -1.814643501930376379e-01 -9.027357044420833421e-02 -2.401468663281494664e-01 1.774517575775484746e+00 2.110698338160318599e+00 1.809734136634273405e+00
5.890486225480861648e+00 9.695120893864208611e-01 9.877718428948139007e-01 9.282879241692796324e-01 -2.196718243734272769e-01 6.792202874783379030e-02 -2.392401594325678504e-01 2.197063012993699438e+00 2.223208785925875564e+00 2.030037874609469828e+00
6.086835766330223940e+00 9.637017885927841032e-01 9.219145076065874411e-01 1.024324897567720827e+00 -5.003881124036740902e-02 6.596734454372193968e-02 -8.365907904324819400e-02 2.286283069521386491e+00 2.115482106949091001e+00 2.484306240272001975e+00
