0.000000000000000000e+00 1.250564426803695506e+00 8.718685757641859713e-01 1.130889028297331178e+00 3.309640644135419252e-01 2.232760323811602554e-01 4.357437441403875233e-01 3.323886326729074359e+00 1.960406922550496978e+00 3.106333296878084571e+00
1.963495408493620697e-01 9.021068920899512067e-01 7.958539993686577496e-01 1.094924785407284773e+00 -9.528994879471705537e-02 7.812114980471100700e-02 2.175991918504855405e-01 2.128602383686234223e+00 1.724275003739446532e+00 2.705679059185663871e+00
3.926990816987241395e-01 8.106352129631303471e-01 8.040465604089787055e-01 9.186187119678592694e-01 -4.160565904395186615e-02 -9.612361791057949523e-02 9.172333083721918856e-02 1.923081637806811850e+00 1.882830703462223809e+00 2.166892382843185860e+00
5.890486225480862092e-01 7.517513787702404526e-01 9.172657228039159394e-01 7.517944202360048456e-01 2.522019145220726066e-02 -1.026743011221364354e-01 1.283689823034152022e-01 1.790583495614864962e+00 2.324571441826986273e+00 1.711871580945973914e+00
7.853981633974482790e-01 7.642688792532644770e-01 9.136692384055700167e-01 7.469037778194996813e-01 5.458785593563408173e-02 1.117985636031297303e-01 1.576516159685711627e-01 1.835710866778678119e+00 2.295423366130100895e+00 1.768930911994357480e+00
9.817477042468103487e-01 1.035057078630259308e+00 8.900979533543075251e-01 9.290708038301174199e-01 -1.420767690795675109e-01 1.496738421750242465e-01 9.043089097113596320e-02 2.685438689430235115e+00 2.148075115444656458e+00 2.350548657988217105e+00
1.178097245096172418e+00 1.095527717069562756e+00 9.209958464587748583e-01 1.107978487103576937e+00 -3.886959210069713261e-02 -1.147849437099217468e-01 7.577715842517374067e-02 2.746142197519238159e+00 2.173087956529789810e+00 2.847790972259748532e+00
1.374446785945534488e+00 9.504139931770497762e-01 9.315801917737395188e-01 1.042014974030059049e+00 -3.039696492743028736e-02 -2.699439806623371574e-01 1.110366281704239927e-01 2.256970306614793920e+00 2.213209255972952150e+00 2.582572746793951879e+00
1.570796326794896558e+00 8.253111107602556507e-01 1.061823526343099511e+00 8.452855299536365941e-01 -3.687922771185497828e-02 -5.194966962103418628e-02 1.238557361209329521e-01 1.860976864880747428e+00 2.649127302810415419e+00 1.909720810566250870e+00
1.767145867644258628e+00 8.493020848097297959e-01 9.809312626757455966e-01 8.167781658267280198e-01 5.350378428571295891e-02 1.806340950656217803e-01 1.521940153312475730e-01 1.862493076971258432e+00 2.296927533238724894e+00 1.733659071057600976e+00
1.963495408493620697e+00 9.620502750300292671e-01 9.016987283643012052e-01 1.017558192649657967e+00 1.418572832389329297e-01 1.650254351604832637e-01 2.725072301642416095e-01 2.058333522387922887e+00 1.817699334814592671e+00 2.134247979237430037e+00
2.159844949342982545e+00 1.191393446202117845e+00 9.373877320394686796e-01 1.179959180427286647e+00 1.323859914283295192e-01 4.887659265752161697e-02 3.276878779278953879e-01 2.623323064453456421e+00 1.834189659403185679e+00 2.523779787376809747e+00
2.356194490192344837e+00 1.173516369901884904e+00 1.083229134613005629e+00 1.144535123001318988e+00 -5.990400391911744268e-03 -2.847728019776227248e-02 1.946074239562113062e-01 2.741728499360176041e+00 2.469740237234415936e+00 2.603650485596052278e+00
2.552544031041707129e+00 1.005924640656459479e+00 1.229603875898187093e+00 1.013395350986719290e+00 -3.012870631158215406e-02 7.784792600643870852e-02 8.768110946744733791e-02 2.497669598386451639e+00 3.269981257218145032e+00 2.397955957613408184e+00
2.748893571891068976e+00 1.036451829558306059e+00 1.195779474576246226e+00 1.054802402630580449e+00 3.302234725004646321e-02 1.423270076678512797e-01 1.684465294757936382e-01 2.695068516281519333e+00 3.262477164197990387e+00 2.604493502398070870e+00
2.945243112740430824e+00 1.252193847250900660e+00 1.097260163329770499e+00 1.197338349985633599e+00 -1.280268797766860242e-02 1.469424779606202242e-02 2.697112377260860727e-01 3.475514501001969681e+00 2.900906065843017245e+00 3.140413433033062418e+00
3.141592653589793116e+00 1.171814761657449910e+00 9.580460132736967616e-01 1.171306931967946108e+00 1.035275379582320382e-01 -5.977653535999907786e-02 1.732526050661061801e-01 3.577874838457717921e+00 2.673473340322304992e+00 3.361801315357751729e+00
3.337942194439155408e+00 8.602919163685545101e-01 9.163384203663725858e-01 9.952685219760319946e-01 -1.039144738168672061e-01 -1.377680338447679342e-01 5.450756082442041739e-02 2.390127765047242558e+00 2.648720567634960776e+00 2.850307082210695508e+00
3.534291735288517255e+00 9.015687208118524643e-01 1.048994376672422790e+00 9.298811902413179897e-01 -1.729733828321778147e-02 -7.392637315295277900e-02 8.240108122298732407e-02 2.229275482057405000e+00 2.775286040739612048e+00 2.266309937859525725e+00
3.730641276137879103e+00 9.869420216382011057e-01 1.130284361086163925e+00 9.818158623975781207e-01 1.238380062805955889e-01 1.666539759368143025e-01 2.197519521508224383e-01 2.269962184406699723e+00 2.750856640161811306e+00 2.119200397920883105e+00
3.926990816987241395e+00 1.012163740686548241e+00 9.848259724011417804e-01 1.001401004783575965e+00 2.073419519414341217e-01 3.263715701518515311e-01 3.264020422350847883e-01 2.496463056158353400e+00 2.465132402023595404e+00 2.319299070062099233e+00
4.123340357836603687e+00 9.972879028313630378e-01 8.588068721503400171e-01 9.980536778510675777e-01 2.105979486557185421e-01 2.072913085133269995e-01 3.647434804060775693e-01 2.732163513208548000e+00 2.275525753978922872e+00 2.667712988353871939e+00
4.319689898685965090e+00 9.629290754272807895e-01 8.905768196987924323e-01 9.771449504213201021e-01 1.422654086428926101e-01 -1.327950308137806727e-02 3.108821666474174128e-01 2.584083863640380674e+00 2.323109515761141886e+00 2.644769768422888578e+00
4.516039439535327382e+00 9.346122735037725171e-01 9.406215878133471486e-01 9.598582227451213367e-01 -1.131092851129228832e-01 -1.036027966983817244e-01 1.613976982320484144e-01 2.407879729740432406e+00 2.364410797488796234e+00 2.410385308479094491e+00
4.712388980384689674e+00 8.778161780350566268e-01 9.365488332706434216e-01 8.913399839943590974e-01 -1.685211261820509510e-01 -5.110925676133637463e-02 2.201069605508088750e-02 2.361769164856322600e+00 2.511224785310099961e+00 2.232035930013803515e+00
4.908738521234051966e+00 8.088425246070793939e-01 9.049000119202420533e-01 8.039082142350904014e-01 -6.795830657908898120e-02 -2.558117209654458407e-02 2.431657836647579951e-02 2.274870368765826267e+00 2.665136140069257920e+00 2.160296520075940307e+00
5.105088062083414258e+00 8.531649701726985446e-01 8.457725459824039227e-01 8.599802553429981566e-01 -1.380883024641286691e-02 -2.309981426357126388e-01 1.131117841263136470e-01 2.317636509436407088e+00 2.301660956168584349e+00 2.371271966482136229e+00
5.301437602932775661e+00 1.373809841650651453e+00 9.908364557456487143e-01 1.157656321188513804e+00 -5.234030932450175477e-01 -3.790873392668220321e-01 1.236064072287326038e-02 3.526695923068207783e+00 2.190958353914354007e+00 2.845745608009106142e+00
5.497787143782137953e+00 1.332895845036510041e+00 1.325782183451452489e+00 1.384658649851670864e+00 -3.955916910050604751e-01 -2.390467378693348355e-01 -2.698600559742150851e-01 2.974752114179783469e+00 2.949440370503345399e+00 3.123514580188704315e+00
5.694136684631500245e+00 1.093286525422449307e+00 1.392331772957416280e+00 1.234160003408649064e+00 -1.312770143367757714e-01 -1.288872255283423640e-01 -1.959704652675774428e-01 2.840214033347323141e+00 3.863964484980348946e+00 2.961966489502647182e+00
5.890486225480861648e+00 9.916859499997051630e-01 1.256342170315283724e+00 9.936915471700321634e-01 6.171988068705423769e-02 -4.682846355512002012e-02 2.173868193303805652e-01 2.839755029900852268e+00 3.932345430312340184e+00 2.663590251909972118e+00
6.086835766330223940e+00 1.077769895509694820e+00 1.085899616716675897e+00 9.989281669263655461e-01 2.361052344588736307e-01 1.581171657101480554e-01 4.670068981088625337e-01 2.944829845768949905e+00 3.002274617224863551e+00 2.887154191730856745e+00
