0.000000000000000000e+00 1.297502939513523135e+00 1.028370332243427443e+00 1.186271825782703182e+00 6.734509036213573441e-03 -9.379502791598168243e-02 4.669623919738901535e-02 3.380250138644880220e+00 2.438895682262805842e+00 3.314313838557564562e+00
1.963495408493620697e-01 1.090797803982012759e+00 1.047273920310207718e+00 1.076541226428572307e+00 -1.250365277006128539e-01 -1.409662171260867847e-01 -9.352207384570375426e-02 3.059187938209979585e+00 2.834510909137066825e+00 3.218418759404967577e+00
3.926990816987241395e-01 9.682160136154018826e-01 1.180528894715764165e+00 9.387923025698284851e-01 -1.754145692831077796e-01 -2.137356591541160478e-02 -1.709697700719070290e-01 2.733940949821686228e+00 3.519320313581896897e+00 2.742641663016798681e+00
5.890486225480862092e-01 1.068746810189129093e+00 1.158085553570949333e+00 1.010307508902705376e+00 -8.655868350962973856e-02 -2.081254470293514292e-02 -5.629914396431998785e-02 2.857604936330194523e+00 3.198013456830867796e+00 2.851002657428720166e+00
7.853981633974482790e-01 1.304427967338795957e+00 1.117612442372739157e+00 1.182072230482772879e+00 7.062632127048147634e-02 -1.536406949340710093e-01 1.046618219834388047e-01 2.984389803659592832e+00 2.480685885133164348e+00 3.004382765259777432e+00
9.817477042468103487e-01 1.193780445722422145e+00 1.173501434858510661e+00 1.228822627675945744e+00 5.685310180129679591e-02 -2.723348999091758718e-02 7.636382607884732721e-02 2.363269260164531538e+00 2.251590727080677201e+00 2.513285303431316731e+00
1.178097245096172418e+00 9.295202147758433453e-01 1.114967247230588487e+00 1.047800598963123164e+00 1.492378357632094359e-02 1.629009377632992528e-01 1.742340757388340447e-02 1.832726530206042481e+00 2.305987908244789164e+00 1.916015445687089480e+00
1.374446785945534488e+00 8.634769323812838682e-01 9.695120377367278941e-01 9.115349223456622463e-01 1.089213040652269454e-01 1.682553785071156383e-01 6.283394754439604324e-02 1.920037305110049219e+00 2.312133659200154678e+00 2.049601943679682847e+00
1.570796326794896558e+00 1.041502838884793336e+00 8.457922284373748933e-01 9.665393031631009935e-01 -1.501279827246607135e-02 5.293523369887246505e-02 5.594392150800778230e-02 2.737757947686858984e+00 2.087590572996361971e+00 2.699963842151259730e+00
1.767145867644258628e+00 1.083558493561406655e+00 8.965485793406176018e-01 1.000608746327823928e+00 4.206153105096450961e-02 -2.604546100413095144e-02 -4.342981694688412969e-02 2.825864545427263952e+00 2.174887984558763865e+00 2.791796030606153778e+00
1.963495408493620697e+00 8.213508502565252112e-01 9.657102804754761349e-01 8.506178586773150974e-01 -3.757460312083799048e-02 -8.402863591216358508e-02 -3.713276737336626554e-02 2.022106541841762972e+00 2.462664802705321510e+00 2.207315278689657490e+00
2.159844949342982545e+00 7.107976093399919204e-01 9.043394306719785281e-01 6.648232350118615797e-01 3.656339345516387840e-02 2.162441448509701963e-02 6.179991985695252460e-02 1.811229681828487870e+00 2.484446887136042115e+00 1.667806370186290632e+00
2.356194490192344837e+00 6.830376194692143743e-01 7.296778606901440645e-01 6.045605596347396471e-01 1.266492548111070315e-01 1.119566150346285871e-01 1.657515970720350729e-01 1.735490752058091113e+00 1.895872848014538814e+00 1.603203072553235797e+00
2.552544031041707129e+00 7.052123876002974745e-01 5.848135026220159238e-01 6.752926438989603763e-01 1.802451677847633493e-01 -2.615547365068554564e-03 1.489690306516749385e-01 1.664335536047426123e+00 1.235436131198681009e+00 1.699521376496508696e+00
2.748893571891068976e+00 7.759095374765468955e-01 6.097185543549599185e-01 8.486085865820964802e-01 -7.924820018075544314e-02 -7.453139929172744593e-02 -6.044933009985755529e-02 1.656362381561208075e+00 1.085350762930970658e+00 1.854486890592278003e+00
2.945243112740430824e+00 9.340033631029983630e-01 7.815978553972061649e-01 9.349146756624562293e-01 -2.247484022040494023e-01 -1.626669080605925577e-01 -2.919890501595094889e-01 1.965488855404101676e+00 1.542234416591055313e+00 2.191633008244581404e+00
3.141592653589793116e+00 1.163029852287718491e+00 1.172817098149665949e+00 9.432147860285692298e-01 -3.816790587083787045e-01 -1.956278932482499733e-01 -3.267756835820468941e-01 2.838887168823945206e+00 2.935688396104567666e+00 2.503141000711427644e+00
3.337942194439155408e+00 1.230264270659041870e+00 1.454329642217390584e+00 1.096767513150017859e+00 -2.261341333234947459e-01 -5.511596943987707997e-03 -2.540300651440509094e-01 3.085284729854359753e+00 3.813352295521263979e+00 2.890559562270475613e+00
3.534291735288517255e+00 1.384382953749749845e+00 1.499452711495470103e+00 1.413696074748792331e+00 4.528263997166812049e-02 3.306368489129246635e-02 7.582055803143175621e-02 3.116159282920042184e+00 3.520669005906491567e+00 3.405591583689962842e+00
3.730641276137879103e+00 1.257539379066605179e+00 1.231895241502669602e+00 1.248587092568997470e+00 3.119448042780050279e-01 -2.190854993452210492e-02 3.600586583676113062e-01 3.179340131727230290e+00 3.070740171700403476e+00 3.272653839130530429e+00
3.926990816987241395e+00 9.966369545096183113e-01 9.537765465822124478e-01 9.626745016493798435e-01 2.330440234167788782e-01 9.134689393735447027e-02 1.836215784708541410e-01 3.053953336142721575e+00 2.852610453915683575e+00 3.061939994305035384e+00
4.123340357836603687e+00 9.510782969298847700e-01 8.875699972387367520e-01 9.292110476245809547e-01 -1.285392124254787494e-01 1.632830897123013769e-01 -7.485882172806168633e-02 2.736364601192858625e+00 2.583949837906992286e+00 2.922976782145615182e+00
4.319689898685965090e+00 1.071856929098035760e+00 1.027054100452593044e+00 1.067573150592289632e+00 -2.942961385690036347e-02 1.080184261653081568e-01 -6.984652889902065453e-02 2.744684881749454686e+00 2.578780207014789827e+00 2.804960254220500993e+00
4.516039439535327382e+00 1.031929010831829308e+00 1.074588694294284164e+00 1.001010337075674883e+00 1.368788490549340264e-01 -6.433487616671744458e-02 1.254077416867679651e-01 2.693639266241103059e+00 2.801560511290480449e+00 2.591913168234695419e+00
4.712388980384689674e+00 8.441468143001659152e-01 9.272369558621866847e-01 7.708767871737978172e-01 1.726042939229950335e-01 2.438832925215520669e-03 1.692064281811498649e-01 2.473419780996545914e+00 2.776249665968621105e+00 2.352945268201627638e+00
4.908738521234051966e+00 7.476149073845894666e-01 8.101155847472726323e-01 7.144140017768502160e-01 9.879967968453136351e-02 2.198436682546221210e-01 7.895528606740145894e-02 2.233547397191111727e+00 2.498127018294107771e+00 2.380065480221281948e+00
5.105088062083414258e+00 9.107422235929216736e-01 8.535015489870541039e-01 8.755708518462368417e-01 -2.040016600151059803e-02 1.551933430234819222e-01 5.863680568354706635e-04 2.639611690824387402e+00 2.373198997344418082e+00 2.716408321715115814e+00
5.301437602932775661e+00 1.092695697347018990e+00 8.935838274112677393e-01 1.025189301374191508e+00 -3.890629940527943337e-02 -1.026749329510108638e-01 -5.309740742649417949e-02 2.969945838071842203e+00 2.233932871323326186e+00 2.905411204616974885e+00
5.497787143782137953e+00 9.527008158779616265e-01 8.758106127352669468e-01 9.216625299610013977e-01 -1.095742483624344565e-01 -2.721753202997574395e-01 -7.931008973682052154e-02 2.484051215871535323e+00 2.234595670481429153e+00 2.613051919935176937e+00
5.694136684631500245e+00 8.581058756678984212e-01 1.047928849328512158e+00 7.807793003585703495e-01 -1.229549435701204618e-01 -1.289866298158723890e-01 -9.688678823504573434e-02 2.196109195417404347e+00 2.895551134535225835e+00 2.113883330127058091e+00
5.890486225480861648e+00 9.234803048069080145e-01 1.097972585215076124e+00 8.595555125265181839e-01 -4.428009145233301885e-02 1.211884670607964870e-01 -6.941218241980022519e-02 2.287629433384916755e+00 2.903610225396266120e+00 2.199220713239365743e+00
6.086835766330223940e+00 1.095188183733313947e+00 1.084315848751651545e+00 1.076094291496597632e+00 1.892905371164629869e-02 5.564364457339198572e-02 5.031942799170664726e-02 2.644567984051653831e+00 2.580327594226766497e+00 2.817327748265119780e+00
