0.000000000000000000e+00 9.247211772199013247e-01 9.243294369040031544e-01 9.206378544109861117e-01 -1.088784831566794176e-01 1.461529438508706209e-02 -1.586593866090489635e-01 2.343021272247492792e+00 2.250176231227419610e+00 2.161511309639897238e+00
1.963495408493620697e-01 1.077502338088285105e+00 1.037679887493166087e+00 1.009411694230683887e+00 -2.206714102943981275e-03 6.819359159307214480e-02 -1.152883737425423050e-01 2.500132695889946355e+00 2.331157975002368321e+00 2.311725095672079622e+00
3.926990816987241395e-01 1.010275436581263842e+00 1.050488287719693936e+00 9.379664989013157816e-01 1.441864523390498642e-01 9.057714755015727759e-02 -5.754293430504509727e-02 2.546575580402031580e+00 2.763293419384996508e+00 2.516733378736673021e+00
5.890486225480862092e-01 9.028532057952666223e-01 1.005403678156918668e+00 8.805649021925983089e-01 2.090589462566406764e-01 1.637184081168339689e-01 6.862661352646055868e-02 2.553905586870226063e+00 2.971934525659588822e+00 2.593260182397570723e+00
7.853981633974482790e-01 9.383974382210462650e-01 9.259092376739597174e-01 9.441621885468668429e-01 1.825425619882600492e-01 1.959407727361411888e-01 1.277541377858197602e-01 2.580226138262685431e+00 2.476786610285129697e+00 2.541038344699775298e+00
9.817477042468103487e-01 1.123440083977561788e+00 9.467347119103917130e-01 1.057602554903583902e+00 1.438378343161915152e-01 1.060072370956744586e-01 6.866693523344078245e-03 2.684181766032816441e+00 2.054591175527444413e+00 2.443630770054181500e+00
1.178097245096172418e+00 1.090550931074795171e+00 1.075734197030842942e+00 1.106318915772770639e+00 1.333405825945951084e-01 8.735816978323193704e-02 -1.025687068954233977e-01 2.404225413320427052e+00 2.354859542010650841e+00 2.554254230663411729e+00
1.374446785945534488e+00 9.640217347165828121e-01 1.192873213388963682e+00 1.154466780267205506e+00 6.483646411944496424e-02 1.273436389004678759e-01 -9.332445732471655875e-02 2.131660073292853230e+00 2.872391766498772370e+00 2.859104029907395539e+00
1.570796326794896558e+00 1.186226742481668373e+00 1.117043155410119670e+00 1.194495534737260556e+00 -1.248917789498805303e-01 2.265760501174467201e-02 -1.440750271490993384e-01 2.821729947316030884e+00 2.563441903506787689e+00 2.829656783910671436e+00
1.767145867644258628e+00 1.371975505165058395e+00 1.081187437789934425e+00 1.208863914559799468e+00 -4.766553031361617232e-02 -1.941237130547549816e-01 -3.380085517892382763e-01 3.006188216278184111e+00 2.156737400533474958e+00 2.561663663650594280e+00
1.963495408493620697e+00 1.238826029838830500e+00 1.332421569389585336e+00 1.238344371726813220e+00 -1.095571959485012598e-01 -2.000482748204491790e-01 -3.423130345463849533e-01 2.460189347564323725e+00 2.740469673959771590e+00 2.578370202312858517e+00
2.159844949342982545e+00 1.142558799995377239e+00 1.410739429320495564e+00 1.180878727776938808e+00 -1.280985129329422767e-01 1.460771535379716893e-02 -9.853203082173893346e-02 2.395166364166484207e+00 3.218818517397028067e+00 2.677552875769432461e+00
2.356194490192344837e+00 1.072908178414545555e+00 1.066696437451712276e+00 9.941311787952760159e-01 -2.058094051783196377e-02 1.305176103542590449e-01 4.753779498535420922e-03 2.601216314335967450e+00 2.623325684647492384e+00 2.570523732380078030e+00
2.552544031041707129e+00 9.225860977181744582e-01 8.027956634555630799e-01 8.468315453386918712e-01 1.144319222575960332e-01 5.210555112367531994e-02 -5.644705137863220007e-02 2.683598941849456576e+00 2.278223987941821793e+00 2.628659346834432586e+00
2.748893571891068976e+00 8.053710290193887289e-01 7.032481600928702781e-01 7.417305231193483950e-01 1.650092602913201256e-01 -1.309149315950796089e-01 -1.395584517345194175e-01 2.601516186398828534e+00 2.200811152551366057e+00 2.440552435608901227e+00
2.945243112740430824e+00 7.063619506353180366e-01 7.002280135178566844e-01 7.344633743206516741e-01 -6.227423836939752211e-02 -1.440489641238624496e-01 -1.977686759900666169e-01 2.000190843672057461e+00 2.017376691683808509e+00 2.092882210055581282e+00
3.141592653589793116e+00 9.345756370811907354e-01 9.388935005511838128e-01 9.457998195295288513e-01 -1.565466328269178031e-01 5.522269810578800397e-02 -1.953491140420154926e-01 2.378448523303139606e+00 2.336075015296898094e+00 2.302651532421880365e+00
3.337942194439155408e+00 1.074210488752041615e+00 1.194606525601427105e+00 1.144684357847957079e+00 -1.379289847988611137e-02 1.968470013188071410e-01 -1.415373508983460149e-01 2.514059251253717875e+00 2.984209404374765118e+00 2.867481943886009521e+00
3.534291735288517255e+00 1.068178957597488932e+00 1.230597041032044814e+00 1.163919745127296235e+00 1.590544344967340651e-01 1.463500249824256638e-01 -7.535284678477949249e-02 2.660263723420360993e+00 3.303826520788189391e+00 3.201978213622767022e+00
3.730641276137879103e+00 1.214313756370390074e+00 1.099708430629934064e+00 1.118460147208236943e+00 1.490786669519360563e-01 2.740732013075926343e-02 -9.566144235493984072e-02 3.351976758156610003e+00 2.923685859868723202e+00 3.129543237923636756e+00
3.926990816987241395e+00 1.159935922058531466e+00 9.457300105539286905e-01 1.023868657740308663e+00 -1.049218972210873013e-01 -7.385233017805503675e-02 -2.205834764384413949e-01 3.275422163153812072e+00 2.392145028487682623e+00 2.911196474593683803e+00
4.123340357836603687e+00 8.316416485437914119e-01 8.583577123984312829e-01 8.674555951121019071e-01 -1.969676406891353870e-01 -1.790716528777325234e-01 -3.018413353929544352e-01 2.484523681944043716e+00 2.497509417984403068e+00 2.775925572624490467e+00
4.319689898685965090e+00 7.706222889488769656e-01 8.896973421237497348e-01 8.095655630232263533e-01 -1.190013628747139812e-01 -2.007989781785077810e-01 -2.430552818217304456e-01 2.415302365713024368e+00 2.939584749429723143e+00 2.608275302034025245e+00
4.516039439535327382e+00 9.052057250330063365e-01 1.003033830139534066e+00 9.410788514992647347e-01 -6.179956154664498907e-02 -9.641249215313438259e-02 -1.483375529582638686e-01 2.427865793964389507e+00 2.869703915899857627e+00 2.407363500682373925e+00
4.712388980384689674e+00 1.218718427259979364e+00 1.213649907584533061e+00 1.192664270513579261e+00 2.452021316109224969e-02 5.465815476049820654e-02 -8.997126606103232616e-02 2.504017387263555161e+00 2.494876985130416891e+00 2.299926123196748051e+00
4.908738521234051966e+00 1.267866566706798093e+00 1.212624620546165932e+00 1.198002992873062222e+00 1.436730691607696064e-01 1.658790576018442375e-01 -6.094570948696718254e-02 2.539324947865480020e+00 2.274684197963996901e+00 2.347697049868588959e+00
5.105088062083414258e+00 1.034579507105697571e+00 1.027992307041722064e+00 1.009914520871430188e+00 1.089826121136139997e-01 1.093420777757505152e-01 -1.040716318935876877e-01 2.411318214829903273e+00 2.374506571114011422e+00 2.533852737240811948e+00
5.301437602932775661e+00 9.468475984332216377e-01 9.623493442817780963e-01 9.338546227867523530e-01 -6.372804563066861161e-02 -2.359225581796936533e-02 -1.520622010795774914e-01 2.466834091983780564e+00 2.540037860930710600e+00 2.608038147947778551e+00
5.497787143782137953e+00 9.118652275248769756e-01 8.211807805830059204e-01 8.327468043632954009e-01 -8.487466969903978420e-02 -7.059034989616184974e-02 -1.722121714470298270e-01 2.529592211704442040e+00 2.178418599295199432e+00 2.355694030187680976e+00
5.694136684631500245e+00 7.703449129039827703e-01 7.298168335847863286e-01 7.372936120784145952e-01 -8.438219951762548909e-02 -1.640132176037372436e-01 -2.505269155923237068e-01 2.183368078011131974e+00 2.039082351328835863e+00 2.199467489763831995e+00
5.890486225480861648e+00 6.742886616290486579e-01 7.363886288570443694e-01 6.905050432296844232e-01 -8.772681285154901309e-02 -1.683725108205952337e-01 -2.222708243075847689e-01 1.911396992040825804e+00 2.208651352790990785e+00 2.076374045033292592e+00
6.086835766330223940e+00 7.200184415003617611e-01 7.618606677846528896e-01 7.324020942885423047e-01 -7.884132525883161269e-02 -7.278331213567394709e-02 -1.803509735949431481e-01 1.986127125062814525e+00 2.175536307301421779e+00 1.990766972629006037e+00
