0.000000000000000000e+00 1.098002051590621697e+00 1.173575155957209848e+00 1.151285384918385946e+00 -2.513015986796386381e-01 -3.451213730192933538e-01 -2.685792711410880940e-01 2.458968298378862549e+00 2.666522169977590728e+00 2.671839643853824775e+00
9.817477042468103487e-02 9.816580298863466503e-01 1.061053813954572211e+00 9.936316647343084174e-01 -1.911866552538483421e-01 -2.788858345306185482e-01 -1.907855884452656914e-01 2.303304643119236328e+00 2.549881005699131453e+00 2.396313645228095091e+00
1.963495408493620697e-01 9.263361833313247251e-01 9.659060980328972867e-01 8.976995528375808497e-01 -1.209724069108907563e-01 -1.631278139201636501e-01 -1.046906600078059968e-01 2.236087272845567409e+00 2.371126985876382598e+00 2.214369405891207787e+00
2.945243112740431046e-01 9.179429867637597384e-01 9.330419129408659140e-01 8.681689574741394688e-01 -5.228695385545279600e-02 -6.084983234751338566e-02 -4.588514843750753081e-02 2.199295452685184671e+00 2.258546633185965824e+00 2.120479297225749349e+00
3.926990816987241395e-01 9.474107307551358215e-01 9.802288320296044244e-01 8.992698977474014033e-01 1.920604011613953610e-02 6.005716499691635124e-02 2.646205708379412505e-02 2.177321743686071009e+00 2.287584020615503366e+00 2.107099479718910651e+00
4.908738521234051744e-01 1.000548308135392528e+00 1.060419984705532670e+00 9.892453562157389468e-01 9.698872397439103898e-02 1.910081321914085806e-01 1.410292902808818749e-01 2.167985119997196453e+00 2.353725909144103845e+00 2.204449924742963418e+00
5.890486225480862092e-01 1.059163638352892622e+00 1.093619935048201874e+00 1.082298657121453234e+00 1.732757971928385599e-01 2.353185186450889033e-01 2.315809337184977224e-01 2.179915415377008614e+00 2.283022850809940607e+00 2.311550169528608034e+00
6.872233929727672441e-01 1.120109585619403214e+00 1.057094936685638586e+00 1.110749662816576500e+00 2.141222283250559799e-01 1.430668611142538460e-01 1.923406993334240700e-01 2.269478698160982688e+00 2.087921020905874503e+00 2.304280735409987457e+00
7.853981633974482790e-01 1.137085394684732353e+00 9.936255304728734972e-01 1.072391107910675823e+00 3.582226780202613092e-02 -2.314843658273107660e-02 2.405886366606516114e-02 2.374391543538561855e+00 1.936407292979443362e+00 2.219487681344264107e+00
8.835729338221293139e-01 1.027615832051991474e+00 9.467525571911972193e-01 1.009889182100517813e+00 -2.729940321221323574e-01 -1.746522056674850443e-01 -1.604998618709493341e-01 2.234619230518223976e+00 1.942995654243405923e+00 2.175007761540799223e+00
9.817477042468103487e-01 9.277554258402067600e-01 9.259611359999972979e-01 9.496997411891072716e-01 -2.880397587268719306e-01 -2.697127894926374947e-01 -2.614263864466454534e-01 2.113263270131949145e+00 2.080342559052088536e+00 2.187199388989854665e+00
1.079922474671491273e+00 8.713940252295215849e-01 9.149867018129367313e-01 8.924557170714104704e-01 -2.255068173590694114e-01 -2.868258082870397963e-01 -2.540210167955194720e-01 2.079477929789395496e+00 2.226825884537398714e+00 2.175118506672828911e+00
1.178097245096172418e+00 8.430947648721964782e-01 8.945152893919131598e-01 8.428601011410629118e-01 -1.567718778290500548e-01 -2.235062695451554560e-01 -1.749710993375180601e-01 2.074242272031325829e+00 2.263466664396653449e+00 2.108036995088003795e+00
1.276272015520853564e+00 8.383467967386168951e-01 8.674546177798876379e-01 8.147261111241457243e-01 -8.877563914703466563e-02 -1.212864949763035050e-01 -8.543725083781349150e-02 2.079807808558791660e+00 2.187961245068187566e+00 2.035189253780747887e+00
1.374446785945534488e+00 8.537555813395182325e-01 8.665742951108097447e-01 8.183917949419453608e-01 -1.982213682128841983e-02 -2.384099578859149790e-02 -1.802154218249941639e-02 2.094813513429187868e+00 2.137141159564802440e+00 2.008560098167051056e+00
1.472621556370215412e+00 8.835895679695070504e-01 9.131970442500597640e-01 8.604149125096021145e-01 5.154391091640937728e-02 7.698897861998092729e-02 4.391133540917237232e-02 2.123405295996709796e+00 2.212320272806680421e+00 2.065958896639197739e+00
1.570796326794896558e+00 9.218395601109671267e-01 9.863929019599574355e-01 9.414781147218792556e-01 1.206053432562865513e-01 1.806096983950234713e-01 1.148073956636225523e-01 2.180054367080721089e+00 2.386695594543578824e+00 2.251026239116257432e+00
1.668971097219577704e+00 9.776027415719461544e-01 1.050144103912795446e+00 1.044935726861456970e+00 1.621877113533221337e-01 2.225997541315553052e-01 1.552365560392667820e-01 2.328103849739737274e+00 2.575145504692503362e+00 2.573078967265159278e+00
1.767145867644258628e+00 1.122480627458078750e+00 1.080370166425372869e+00 1.135051979284814161e+00 8.331387661458812544e-02 1.383895072005529581e-01 9.745846789497039642e-02 2.836504548802787795e+00 2.702258559597487064e+00 2.942998193071122870e+00
1.865320638068939552e+00 1.302472483693304373e+00 1.091959318622083952e+00 1.178794856489745912e+00 -9.684334926287099798e-02 -5.897239981402420395e-02 -6.507918003510290705e-02 3.550943367962163588e+00 2.793399866973880208e+00 3.174089934549543468e+00
1.963495408493620697e+00 1.184336947000082629e+00 1.105793128592942098e+00 1.168516909692011829e+00 -2.230810334640687953e-01 -2.702124113611536482e-01 -2.313734259775936108e-01 3.124978658908232454e+00 2.862450561794188442e+00 3.117331752815426071e+00
2.061670178918301843e+00 1.067063973800644439e+00 1.119979675124635810e+00 1.128176539956753821e+00 -3.067911637165851579e-01 -3.825698631785395820e-01 -2.974118300509416279e-01 2.627975153062318103e+00 2.843141429902503514e+00 2.835339168386061814e+00
2.159844949342982545e+00 1.061969333555503159e+00 1.134720571343007745e+00 1.097035181628430500e+00 -2.797258648731394404e-01 -3.539371328930969729e-01 -2.569837173508121575e-01 2.474263510380195097e+00 2.735177721652607641e+00 2.544986599721573040e+00
2.258019719767663691e+00 1.086493139961229648e+00 1.127021039719593443e+00 1.081352985251680554e+00 -2.082981756006074270e-01 -2.392361623768454459e-01 -1.654757145054381595e-01 2.424699258708284955e+00 2.551714513683692509e+00 2.354201847105413581e+00
2.356194490192344837e+00 1.095911675889974290e+00 1.089974247754530445e+00 1.060905127404809800e+00 -1.143633391393064636e-01 -1.156773361121078009e-01 -7.482911546553597248e-02 2.406926078425057014e+00 2.373127383624859643e+00 2.257806683272577164e+00
2.454369260617025983e+00 1.067791391311096127e+00 1.047708164780793538e+00 1.028696916028287944e+00 -1.192901061216330820e-02 -9.285477391973268393e-03 -5.602290071497345592e-04 2.407335361932435802e+00 2.331879188747866039e+00 2.253285465252372610e+00
2.552544031041707129e+00 1.005895459324238628e+00 1.007750439916399010e+00 9.824393447348511721e-01 8.265085461204177419e-02 7.949698403575269912e-02 7.080790795116982672e-02 2.422023843171849489e+00 2.431918566094341205e+00 2.304249431078027932e+00
2.650718801466387831e+00 9.351042881460027711e-01 9.583844984342357876e-01 9.217730967987151081e-01 1.601304765768840621e-01 1.719484173185112097e-01 1.497374404734529985e-01 2.448545463674502987e+00 2.546474325488327750e+00 2.345375027777444110e+00
2.748893571891068976e+00 8.802506876333271446e-01 9.090138892040324770e-01 8.738032293590088928e-01 2.219712241123558139e-01 2.687992317643586593e-01 2.208310341390452569e-01 2.488266690488973865e+00 2.627184684170583928e+00 2.399740101813102378e+00
2.847068342315750122e+00 8.560892301272121641e-01 9.015406337549232152e-01 8.703973569447656100e-01 2.725419560480820125e-01 3.417107911760831063e-01 2.775316977335473556e-01 2.553977020948852150e+00 2.771233655224588421e+00 2.544929046584571530e+00
2.945243112740430824e+00 8.762079482629978600e-01 9.270680382703548883e-01 9.111512402811009492e-01 3.059707338138203947e-01 3.778292476830973357e-01 3.308189033386847444e-01 2.695180684912106717e+00 2.922479061378574272e+00 2.780223974079371274e+00
3.043417883165111970e+00 9.694762935352927435e-01 9.524021681834017317e-01 9.780411672412541169e-01 2.922800423190647368e-01 3.397247553833177558e-01 3.493650822545714685e-01 3.038562742880698053e+00 2.955789676330212945e+00 3.037358731109795151e+00
3.141592653589793116e+00 1.101074112379281766e+00 9.718599164381953592e-01 1.037108217970950097e+00 2.478415853162773130e-01 2.123427639935256961e-01 2.849140876101178277e-01 3.464184141856421650e+00 2.900232621240484754e+00 3.187221178776700636e+00
3.239767424014474262e+00 1.060768468697122158e+00 9.717428819838407339e-01 1.041970655611344609e+00 1.572033294379621138e-01 5.731556045203498734e-02 1.609794056789891070e-01 3.174108142107837427e+00 2.794254921453447782e+00 3.100587677762835614e+00
3.337942194439155408e+00 9.088309358104058600e-01 9.386689292165346643e-01 9.780813774683188022e-01 1.023718436780395730e-02 -4.404550228891616903e-02 5.870971606687315492e-02 2.519185348041679706e+00 2.633335395526576583e+00 2.798300096147155358e+00
3.436116964863836110e+00 8.383945890094294251e-01 8.894507214509326243e-01 8.867479195192810026e-01 -9.908168933225557778e-03 -4.941537506460688678e-02 2.791164014426325904e-02 2.254578115040954511e+00 2.453023177577649871e+00 2.455253564939972932e+00
3.534291735288517255e+00 8.144650717307035936e-01 8.453092422220717106e-01 8.229163415869433784e-01 2.633927077562970773e-02 8.851319392869139852e-03 5.445819481837826936e-02 2.172679240376417908e+00 2.293658639181721526e+00 2.238017520574743013e+00
3.632466505713198401e+00 8.133694650965785922e-01 8.162009695990283253e-01 8.000424902209265499e-01 7.661336063374341032e-02 6.335225239785088891e-02 9.007893386650041301e-02 2.153240479676202135e+00 2.163831610544843187e+00 2.152651738482121768e+00
3.730641276137879103e+00 8.339325795780321293e-01 8.217170552769285097e-01 8.112674685127534424e-01 1.274539155951912028e-01 9.847473789759439433e-02 1.009349024497023239e-01 2.185153989657385942e+00 2.124572634989776887e+00 2.150626147023793955e+00
3.828816046562560249e+00 8.913116559328770894e-01 8.890510081867936121e-01 8.672694969204173265e-01 1.526146878604790758e-01 1.423112472154400565e-01 9.037978054403963957e-02 2.343598624481001202e+00 2.305501318757322782e+00 2.291816869267861101e+00
3.926990816987241395e+00 1.030855977456487604e+00 1.012201829314921087e+00 9.653311849418101387e-01 8.021875425884349153e-02 2.022406053870984266e-01 7.976454651467125567e-02 2.867783522642952221e+00 2.797806109323346835e+00 2.682013325896074996e+00
4.025165587411922097e+00 1.107170742611752745e+00 1.106942033710812900e+00 1.043521350107581513e+00 2.848655813542932957e-02 2.287902770597168844e-01 9.207348983847113422e-02 3.391253486235509040e+00 3.453262224903923983e+00 3.261384737857338845e+00
4.123340357836603687e+00 1.010246610158248792e+00 1.078397107902783647e+00 1.029556607487662312e+00 9.675527873980295512e-02 1.737658493412921057e-01 1.360682923727025151e-01 3.466014013374565828e+00 3.837018378032833521e+00 3.710625937250862094e+00
4.221515128261284389e+00 9.171730788550117586e-01 9.412526174766152609e-01 9.345231007919087007e-01 1.530406473635206044e-01 6.980994709400260845e-02 1.730509417791585014e-01 3.478515782977024795e+00 3.611446720785416620e+00 3.718050285775419184e+00
4.319689898685965090e+00 8.722633882187526000e-01 7.975784090182549413e-01 8.276158936881515826e-01 1.857996963992186168e-01 -2.687053877724643325e-02 1.440550235465584417e-01 3.410501312111558381e+00 2.997201777404983059e+00 3.307618106830431337e+00
4.417864669110646680e+00 7.381943133640610499e-01 7.174332471767985719e-01 7.529966397919618526e-01 -1.069781307811841498e-02 -9.544903732458605294e-02 5.409360978437029177e-02 2.536517887969030216e+00 2.443002853052156365e+00 2.738412920474032397e+00
4.516039439535327382e+00 6.885622566580692494e-01 7.095042953621059079e-01 7.266300254230647626e-01 -1.247691381934295241e-01 -1.205899881481542202e-01 -2.876420073262873911e-02 2.020327055320807474e+00 2.124337246509361066e+00 2.269163043091452892e+00
4.614214209960008972e+00 7.379653400937431496e-01 7.519965743448784323e-01 7.533182309889590034e-01 -1.227815992917472288e-01 -1.032044776067966990e-01 -6.261802444188489802e-02 1.927261522034489971e+00 1.982090251273168402e+00 2.017791510387379361e+00
4.712388980384689674e+00 8.167979559119584732e-01 8.175654777715835042e-01 8.180196296971007364e-01 -9.316070452228684962e-02 -7.554708308839057362e-02 -6.759721899365628284e-02 1.939364015907549144e+00 1.932692383122708746e+00 1.943082478826836601e+00
4.810563750809370376e+00 9.031086722967095470e-01 8.987578026521947372e-01 9.034595105370286650e-01 -6.065525216764776351e-02 -5.519835784156079672e-02 -7.040213002485863625e-02 2.021523279386793437e+00 1.989160759655709931e+00 2.003557285334354177e+00
4.908738521234051966e+00 9.918833221849069348e-01 9.885989586308020494e-01 9.905218921486319550e-01 -5.017236036180904718e-02 -3.635654491159071022e-02 -7.118372079906545857e-02 2.218367939332391625e+00 2.193101362256059783e+00 2.196492756301441585e+00
5.006913291658732668e+00 1.076892705805981842e+00 1.060463306534609851e+00 1.050703506617686855e+00 -7.650775483071758920e-02 -1.080110274515817120e-02 -6.163902128708299843e-02 2.560845876086316419e+00 2.501696115900832407e+00 2.479889565098782889e+00
5.105088062083414258e+00 1.111646329562212321e+00 1.098704287981290273e+00 1.075657970615026437e+00 -8.257181769662494397e-02 9.397541694624020336e-03 -4.293720896155857336e-02 2.874265233577169454e+00 2.828137300805853016e+00 2.777795972441782446e+00
5.203262832508094959e+00 1.098861838504541222e+00 1.117238304362766055e+00 1.079909621255751517e+00 -3.761219240699028438e-02 4.129851249866922647e-03 -1.798860850324808872e-02 3.017257867830945184e+00 3.087033760117609216e+00 2.995053889193986851e+00
5.301437602932775661e+00 1.095280873741611094e+00 1.122186349326014465e+00 1.074942277493824205e+00 2.292062412812702343e-02 -4.300998106166558504e-03 1.989433132621488270e-02 3.056199800302267899e+00 3.157416426470201820e+00 3.039591222850068775e+00
5.399612373357457251e+00 1.110013228648874417e+00 1.111373432334319622e+00 1.069661772667396038e+00 7.692631087573902071e-02 3.748044174426097552e-03 6.089743355554839976e-02 3.004087129511233911e+00 3.004477259244809240e+00 2.922867889753509196e+00
5.497787143782137953e+00 1.108768030588710873e+00 1.090834885977789659e+00 1.064248985278301252e+00 9.400789503610645914e-02 1.119386076365146837e-02 8.191182969132851377e-02 2.803792463667111878e+00 2.736105453033465640e+00 2.718354464136885973e+00
5.595961914206818655e+00 1.083252181604205333e+00 1.074515214814645070e+00 1.053005848509819486e+00 8.004940395387957763e-02 2.769844274736791429e-02 8.490236259966624233e-02 2.519232681466714308e+00 2.485767127908023344e+00 2.484261202799905810e+00
5.694136684631500245e+00 1.072884133538006823e+00 1.090831284621208930e+00 1.058851955701884728e+00 8.822649469368827602e-02 8.339503062850069093e-02 9.768934293597615615e-02 2.323671801156607319e+00 2.372003836414922517e+00 2.328173469686704244e+00
5.792311455056180947e+00 1.089231969911818476e+00 1.145066969817694513e+00 1.110942503145477378e+00 1.234344104086205207e-01 1.651816311187623842e-01 1.371994928999462904e-01 2.242763800099873084e+00 2.401943752544659194e+00 2.340334098364721616e+00
5.890486225480861648e+00 1.136559426678070750e+00 1.207119769628187678e+00 1.203105104597929520e+00 1.536134888514336938e-01 2.065898319386245408e-01 1.665788645807310675e-01 2.272943313782857633e+00 2.470729491031327996e+00 2.504290870335025954e+00
5.988660995905543238e+00 1.280109385238325403e+00 1.252571518598715405e+00 1.301023551097967301e+00 8.497116729991369133e-02 1.339441515937607463e-01 1.064108978752140583e-01 2.595994049685096616e+00 2.516880097115369086e+00 2.738726771042723218e+00
6.086835766330223940e+00 1.499597598290056455e+00 1.273832545801225180e+00 1.350637522273211655e+00 -1.514848401455853588e-01 -5.851550202449438964e-02 -6.507120403991129010e-02 3.230062600132074468e+00 2.576377283503570759e+00 2.915444668166685460e+00
6.185010536754905530e+00 1.316225449255541413e+00 1.252802225102200850e+00 1.298181522218663009e+00 -2.464603348862015042e-01 -2.641945827132022862e-01 -2.336691211237456878e-01 2.862603449253731558e+00 2.656306564229537592e+00 2.897224395996096824e+00
