0.000000000000000000e+00 1.181766808274169911e+00 1.121564681032626076e+00 1.186221759145761778e+00 4.890145096737034958e-02 -1.038251147708446065e-01 1.505799968211770368e-01 3.003603086217499829e+00 2.884722181470825486e+00 3.225888976698091604e+00
1.963495408493620697e-01 1.270760300089685879e+00 1.159279424832325933e+00 1.170668778900341600e+00 2.104754761597898982e-01 -2.220299132768322192e-01 2.472851740422265243e-01 2.736844481962499742e+00 2.437582863586297055e+00 2.670100721251288611e+00
3.926990816987241395e-01 8.687159988742365613e-01 1.076007946478310107e+00 9.983405254411247265e-01 -2.533312732169347437e-02 2.845810889416240663e-02 1.364899007907859063e-01 1.691841731674290195e+00 2.185379180963818779e+00 1.826148715078384166e+00
5.890486225480862092e-01 7.740213087203257070e-01 8.072976505063178543e-01 8.396426511694535799e-01 3.881832859382840228e-02 1.976751281072119393e-01 1.129332980849906687e-01 1.715171244138503859e+00 1.843137331281960112e+00 1.623575963612471806e+00
7.853981633974482790e-01 8.062229867314488763e-01 7.221368500140458169e-01 7.994711008074568692e-01 -4.895525026707845534e-03 1.132264895667084298e-01 9.499760630825168639e-02 2.182583881444061014e+00 1.967865582273102154e+00 2.025436752741479385e+00
9.817477042468103487e-01 8.550050237983890522e-01 7.488334479314717740e-01 8.507971064357991997e-01 -5.170755774092662682e-02 -3.976616990817239544e-02 5.467297684144623721e-02 2.683153620927090532e+00 2.270976916657303057e+00 2.497598907582190275e+00
1.178097245096172418e+00 8.187659312413115842e-01 6.832466334923325002e-01 8.714127578804780061e-01 -4.672053885277930446e-02 -2.296703455160468421e-01 3.097198718618964300e-02 2.484373398401870769e+00 1.986399035797722812e+00 2.617818930538688083e+00
1.374446785945534488e+00 8.095171766810169700e-01 8.509524169569675500e-01 8.181087125306010233e-01 -6.956532950341239030e-02 -1.938446147960083410e-01 5.877159498032913376e-03 2.106311943142737952e+00 2.233788947692747051e+00 2.187252744563015661e+00
1.570796326794896558e+00 8.695038740871461336e-01 1.066212540828873179e+00 8.450502762267861900e-01 1.921493152889601139e-02 1.245989224926211947e-01 4.290688755659075732e-02 2.063136599379482128e+00 2.765581896277882201e+00 1.868622574670538716e+00
1.767145867644258628e+00 8.897149337185242812e-01 1.019418935381281255e+00 8.662095481993421497e-01 1.324768759265845253e-01 3.508529628212049833e-01 1.690932891311124620e-01 2.197446363579719897e+00 2.789557334574727765e+00 2.045471668179370539e+00
1.963495408493620697e+00 9.061195789144069757e-01 8.271613626966543009e-01 9.000760177265612061e-01 1.944241784074992874e-01 2.273780437463039095e-01 3.291564286611718959e-01 2.532036367220810824e+00 2.343240811214227559e+00 2.653798035178455805e+00
2.159844949342982545e+00 9.968377098249656676e-01 7.528999541132774809e-01 9.501632034071774147e-01 2.484475817042555712e-01 -1.966371482584336819e-02 3.658117052348587306e-01 2.944020013812254088e+00 1.975434384901461504e+00 2.906175597154715629e+00
2.356194490192344837e+00 9.601900824546603097e-01 9.717630067620298684e-01 9.267634270572554511e-01 8.225795779480188363e-02 1.687296173153687850e-02 1.677338488934997096e-01 2.351676570498659302e+00 2.352660853586796108e+00 2.335259326163279248e+00
2.552544031041707129e+00 9.975137420604486271e-01 1.247312584862614315e+00 9.697948054613386715e-01 -4.304069324846094419e-02 1.545337568086892766e-01 5.406218151080623147e-02 2.223367125443782122e+00 3.080000545645228183e+00 2.072459368033140681e+00
2.748893571891068976e+00 1.215811691517869608e+00 1.204753336817809828e+00 1.065421268935086152e+00 -1.514641948848267083e-01 1.100588817453261037e-01 8.739865005560304434e-02 3.152059534049387324e+00 3.207474905076705962e+00 2.743392933893994634e+00
2.945243112740430824e+00 1.173284600641365305e+00 1.011166746652435222e+00 1.167235413182970083e+00 -2.624131101000774097e-02 -1.269567904577765804e-01 1.125885960428900379e-01 3.532385391300422839e+00 2.917881686050106005e+00 3.537955191543491473e+00
3.141592653589793116e+00 1.124472390251970433e+00 1.001514387038666687e+00 1.084282951098596959e+00 4.055661685635855718e-03 -2.767706956483624303e-01 5.868880983080075608e-02 3.395649336597251988e+00 2.906429913754639660e+00 3.242212900497261518e+00
3.337942194439155408e+00 9.118668589903893285e-01 1.075762780069903446e+00 9.621287916458717282e-01 -1.987702972723167372e-01 -1.369002925275292493e-01 -5.972361222796754299e-02 2.464646344496201458e+00 3.075206502257143981e+00 2.539906838866040850e+00
3.534291735288517255e+00 9.136878378281736435e-01 1.014988008867312663e+00 9.209909436805134852e-01 -8.432021260634654791e-02 3.019265578682341078e-02 -5.890427597373616708e-02 2.485046392381353719e+00 2.868803200715743795e+00 2.367075054539314660e+00
3.730641276137879103e+00 9.412346999975601536e-01 8.875047312400696775e-01 9.841477764543242746e-01 5.947723993905897760e-02 3.864702489933759949e-02 1.203724550671141369e-01 2.523859841557761996e+00 2.346650635782576266e+00 2.646357327690523231e+00
3.926990816987241395e+00 1.003149669291574897e+00 9.319468544339363225e-01 1.051939527588542589e+00 2.165047435214250693e-01 7.254393632915680235e-02 3.023164896478482411e-01 2.527031157774233705e+00 2.247073977161964109e+00 2.613770953528362639e+00
4.123340357836603687e+00 9.590869016443508421e-01 1.006613076668678275e+00 9.969893804122075265e-01 2.673348771488809339e-01 2.297814270955014782e-01 3.443484849906000567e-01 2.280834802248043580e+00 2.403998221115155154e+00 2.175095415277677358e+00
4.319689898685965090e+00 8.614910077423796331e-01 9.893877872701681842e-01 8.985089220454054448e-01 2.118876455889264765e-01 3.260095343041558569e-01 3.186382300887451446e-01 2.062586039950248473e+00 2.547464187688573301e+00 2.057877028775867867e+00
4.516039439535327382e+00 1.039346595709103260e+00 9.541013536759205271e-01 9.580624075835818543e-01 2.507713898984503809e-02 2.274780559086867493e-01 2.428184646665950408e-01 2.875137507039015716e+00 2.607458851866226723e+00 2.624183965370067817e+00
4.712388980384689674e+00 1.212818777541272208e+00 1.013946447424244557e+00 1.144745993647248827e+00 1.157139851125354654e-02 -5.666519344845515754e-02 1.284121148076904639e-01 3.362742074288077365e+00 2.647421757947557630e+00 3.221229629134822137e+00
4.908738521234051966e+00 1.163651417538672517e+00 1.234884963815827907e+00 1.161031279080577017e+00 -1.507252033879160624e-01 -2.237079721730581006e-01 -2.124708260835264650e-02 2.667069430183286460e+00 2.917117411026652452e+00 2.821173746269762361e+00
5.105088062083414258e+00 1.108354327503545456e+00 1.279069182215048839e+00 1.123254864386377117e+00 -2.176388223246247255e-01 -2.339328994578379062e-01 -6.890436343131697838e-02 2.261096653296049031e+00 2.768836772288699510e+00 2.241870055547839247e+00
5.301437602932775661e+00 1.140448552070707500e+00 1.066256544147311081e+00 1.144634333697030826e+00 -1.198215784158724317e-01 -2.207455192525529242e-01 6.932534048629005949e-03 2.237678685485138264e+00 2.058253624633125778e+00 2.139398531629837397e+00
5.497787143782137953e+00 1.098545559842019070e+00 1.008240975067677736e+00 1.163077414731487957e+00 -4.778283649293732505e-02 -1.277182010161190262e-01 6.898976963250724737e-02 2.132143229665460105e+00 1.862713317827691561e+00 2.138207243878520902e+00
5.694136684631500245e+00 1.014085113315756015e+00 1.051207874663171671e+00 1.084745041085062311e+00 -5.575980409304621271e-02 -2.739331276962543582e-02 6.391962339596611586e-02 2.139831715861695294e+00 2.211329078547907834e+00 2.111334020175694270e+00
5.890486225480861648e+00 1.067234041585765736e+00 1.088059999560263114e+00 1.009906302249387933e+00 -1.981946346998235964e-01 6.207676833477211720e-02 -3.751970068990677365e-02 2.811410162481580599e+00 2.858760692870323528e+00 2.438183655200312661e+00
6.086835766330223940e+00 1.062510094637835856e+00 1.126507514482425698e+00 1.045312715503540435e+00 -1.220859404506132728e-01 9.329873905633076503e-02 -6.647721435206932483e-02 3.032115355014529001e+00 3.257309206904750010e+00 2.942304874449561236e+00
