0.000000000000000000e+00 9.728945613339765597e-01 9.585220521453626796e-01 9.459903620166856264e-01 -2.424876606178416258e-02 2.977362883965201101e-02 5.472642633424039393e-02 2.686615473542474319e+00 2.652479345331088201e+00 2.631812413883408919e+00
9.817477042468103487e-02 1.061811970097375157e+00 1.114923772146768632e+00 1.109209972767945418e+00 3.398200451693261792e-02 2.730016006876920948e-02 5.095164076448002732e-02 2.669983883253731705e+00 2.863659332361214283e+00 2.858701259818847262e+00
1.963495408493620697e-01 1.086098470997579835e+00 1.152083996690373979e+00 1.162650096972341229e+00 1.057742783843198114e-01 5.370047230100644109e-02 7.493300274237671421e-02 2.617135316116948829e+00 2.837951341194000499e+00 2.862901159857406341e+00
2.945243112740431046e-01 1.032592694983065051e+00 1.054167987526948957e+00 1.073565727473083875e+00 1.550699663493758651e-01 8.686821671615624352e-02 1.075311005505544121e-01 2.519927448608079601e+00 2.592934704115122724e+00 2.628235144824373481e+00
3.926990816987241395e-01 9.410189925201619676e-01 9.393253980832333427e-01 9.546033814513554816e-01 1.588686026102205662e-01 8.974576857762373017e-02 1.130815711791467448e-01 2.391654419000585285e+00 2.393716383032880479e+00 2.412295743712136176e+00
4.908738521234051744e-01 9.103064204653574798e-01 8.936147907349183406e-01 9.001835429584612580e-01 7.384892041005715335e-02 5.140339026174720050e-02 7.829691908708398540e-02 2.469460220562534225e+00 2.403642352777456637e+00 2.397256477872665936e+00
5.890486225480862092e-01 1.111152729261449368e+00 9.406584668771004187e-01 9.378121587586902841e-01 -2.762968069602385057e-01 -2.691340097782215363e-02 4.588054598917118421e-03 3.420548372782170610e+00 2.662890929360133718e+00 2.631362690509207791e+00
6.872233929727672441e-01 1.175669490348139723e+00 1.097643061583886359e+00 1.085698266809000279e+00 -3.066582023849884764e-01 -1.465072125201635767e-01 -1.113178712994781772e-01 3.495081820319137833e+00 3.186992123867917748e+00 3.137455354543404074e+00
7.853981633974482790e-01 1.218556881133509018e+00 1.330800169892948137e+00 1.318521250918529120e+00 -2.196365067808252747e-01 -2.707135087163575204e-01 -2.374320157752483063e-01 3.294344725563299825e+00 3.773317470630264125e+00 3.742936342576915987e+00
8.835729338221293139e-01 1.298454387588161785e+00 1.484189615731545508e+00 1.488129871052396913e+00 -1.384650313666857258e-01 -3.269092876463433606e-01 -3.019638343511076850e-01 3.189462187672923665e+00 3.892576766986227010e+00 3.927365778652804007e+00
9.817477042468103487e-01 1.339034598224906780e+00 1.419855121132408415e+00 1.442294513215379492e+00 -4.813217587966506922e-02 -2.660622533610473295e-01 -2.496818404680988812e-01 3.025341751253888045e+00 3.310064379661298961e+00 3.393131316916971674e+00
1.079922474671491273e+00 1.264808157972817870e+00 1.226353121275172597e+00 1.251213196915939685e+00 -4.815249538221568620e-02 -1.414379061519722702e-01 -1.265008448871851321e-01 2.627188726619657189e+00 2.517831502429190405e+00 2.590882340251957849e+00
1.178097245096172418e+00 1.146535086220031419e+00 1.069954200445634829e+00 1.086272714653056415e+00 -9.231064538977885869e-02 -4.273186267573678143e-02 -2.555021059895479230e-02 2.190042997046748763e+00 1.993686401022423116e+00 2.034114016223498300e+00
1.276272015520853564e+00 1.102374684639801705e+00 1.006692694232133478e+00 1.013724626849399124e+00 -6.973589240561463287e-02 1.550255586110895270e-02 3.451919996493603426e-02 2.009390361936905567e+00 1.785308698723642395e+00 1.798436708754803437e+00
1.374446785945534488e+00 1.095972058964771900e+00 1.036604357959519440e+00 1.035822958331722887e+00 -1.905111479744519068e-02 4.159114341871096576e-02 6.375708227162255048e-02 1.986793753229258552e+00 1.848402774606461296e+00 1.837392848993519401e+00
1.472621556370215412e+00 1.096919522964654448e+00 1.121753013340638816e+00 1.119867770481785429e+00 1.977507381409215892e-02 4.787488272793936211e-02 7.173634095196168570e-02 2.080803089829188490e+00 2.128841589039968785e+00 2.103396876483578648e+00
1.570796326794896558e+00 1.085308148636233927e+00 1.141289603675818887e+00 1.147967607459646988e+00 3.256444989604943829e-02 8.223923997164044042e-02 1.032978646225448105e-01 2.279110487674512076e+00 2.391012673787319631e+00 2.372690293845745479e+00
1.668971097219577704e+00 1.027644663396966029e+00 1.044543538891583578e+00 1.057243840126543155e+00 5.074178773311743829e-02 1.360794922755627079e-01 1.562801478550956968e-01 2.463388863098616710e+00 2.471536001852637998e+00 2.462037663644015772e+00
1.767145867644258628e+00 9.390387225703553664e-01 9.445017552255846605e-01 9.552172371050369204e-01 8.866790420412860863e-02 1.241792100364902812e-01 1.471754860265475084e-01 2.542436198301152306e+00 2.545833135021058791e+00 2.534475715118198469e+00
1.865320638068939552e+00 8.695254035428809924e-01 8.829114938768853893e-01 8.920410892482362186e-01 1.252967578481342381e-01 7.665586768707814691e-02 9.742902225086225165e-02 2.548400092545635154e+00 2.598200785596372686e+00 2.597888314599149595e+00
1.963495408493620697e+00 8.343162592437558533e-01 8.302226922170692358e-01 8.371816384259812560e-01 1.463329161216641860e-01 6.982215677815037380e-02 8.656228041103214421e-02 2.487491137705214683e+00 2.471900266543243241e+00 2.485474928517175996e+00
2.061670178918301843e+00 8.257011183195538395e-01 8.145917865529384017e-01 8.166500620047338899e-01 1.396538203244493126e-01 7.785046264187471532e-02 9.556260657672759062e-02 2.343958439032572283e+00 2.301990957774120439e+00 2.315347755881686620e+00
2.159844949342982545e+00 8.490439057362504371e-01 8.483714983697157042e-01 8.453077868960621188e-01 1.114902080108085697e-01 6.784273506157231792e-02 8.848458225123685683e-02 2.194445707212273611e+00 2.186744557393320409e+00 2.194023966098175737e+00
2.258019719767663691e+00 9.392998413704548577e-01 9.354297439260590430e-01 9.247735080857825141e-01 6.537176682960253726e-02 6.355158839157835915e-02 8.633650309575705006e-02 2.207627018136962604e+00 2.171441133438383631e+00 2.160492360087782338e+00
2.356194490192344837e+00 1.139308258008274066e+00 1.103422183534179091e+00 1.084117026382172444e+00 -3.941816886309634088e-02 7.192894637920799195e-02 9.973623201158848817e-02 2.527819163688953097e+00 2.395749055046750620e+00 2.354612345628272596e+00
2.454369260617025983e+00 1.310551754269675406e+00 1.295305492469054132e+00 1.282173392683687130e+00 -1.020878058046668646e-01 3.729008803891313562e-02 7.488302896140361375e-02 2.844153006121206140e+00 2.819074149284456432e+00 2.770022810307216865e+00
2.552544031041707129e+00 1.278691869591894958e+00 1.326425414194394303e+00 1.340088415851078851e+00 -4.218391651138536647e-02 -4.917877609254373006e-02 -1.103910445074108779e-02 2.874881827448478866e+00 3.046222725745183713e+00 3.040112711804788148e+00
2.650718801466387831e+00 1.131603259153344920e+00 1.138125535700142299e+00 1.171596014928633078e+00 1.207972837599607940e-02 -9.754249401075304471e-02 -7.140516662359916444e-02 2.793351834231425190e+00 2.807872839343356297e+00 2.852102671970244696e+00
2.748893571891068976e+00 9.314811402714411326e-01 9.079721387690319334e-01 9.371049835007966289e-01 -1.805698242180023977e-02 -9.472764864445602784e-02 -7.542685669486454136e-02 2.488049023226749590e+00 2.384119639114486322e+00 2.431558923445106934e+00
2.847068342315750122e+00 7.735280752342668098e-01 7.708314190821958789e-01 7.881205321566410182e-01 -7.801394419214416343e-02 -9.092237408005932053e-02 -7.284046072981792408e-02 2.126812012928536610e+00 2.110024426242926854e+00 2.137035517512388960e+00
2.945243112740430824e+00 7.045978799721247521e-01 7.121699646164152409e-01 7.223667858827782506e-01 -8.977082777923248158e-02 -8.313489683674413211e-02 -6.703365137690002473e-02 1.951168863831533873e+00 1.983102988531803668e+00 1.998399807873052270e+00
3.043417883165111970e+00 6.870585727595017733e-01 6.952420463434156872e-01 7.014412898920934225e-01 -7.325536807667505645e-02 -6.415202646896341065e-02 -4.936962549187971783e-02 1.892109512879293520e+00 1.927967401244157442e+00 1.937049312617168617e+00
3.141592653589793116e+00 6.943581700163314885e-01 7.049823326596665884e-01 7.085549022408552666e-01 -4.755565354326080768e-02 -3.878204905114907702e-02 -2.429722884943381900e-02 1.883648136105373627e+00 1.924770020622307731e+00 1.929053197359375416e+00
3.239767424014474262e+00 7.159043991874499691e-01 7.305549061354245088e-01 7.323724170078825813e-01 -2.054315582296501949e-02 -8.821502281981457444e-03 6.006571933318692776e-03 1.906107748096039112e+00 1.957157713909865038e+00 1.957600553846890579e+00
3.337942194439155408e+00 7.493539705521721217e-01 7.672130248233164362e-01 7.676796951637072652e-01 1.502408766336483202e-03 1.946600996601689088e-02 3.577785118833325118e-02 1.960268614633877027e+00 2.019880678980757960e+00 2.017195624131224996e+00
3.436116964863836110e+00 7.990927004259321675e-01 8.127204698559665763e-01 8.125709275820928168e-01 9.696185396602767514e-03 3.252192180218644452e-02 5.231598705549901640e-02 2.058124565440566212e+00 2.099942676903704619e+00 2.097591323533618546e+00
3.534291735288517255e+00 8.727182963210367017e-01 8.587661021240483583e-01 8.586275494134716357e-01 -6.393773953567992094e-03 1.071167956810962357e-02 3.536287420774222867e-02 2.207236150885869108e+00 2.149724620365257355e+00 2.151499641910187499e+00
3.632466505713198401e+00 9.632726040678750712e-01 9.149194202156212263e-01 9.137612589275772024e-01 -4.634225945188280571e-02 -4.285732384034492831e-02 -1.509955162393603577e-02 2.351741185865343642e+00 2.177952865017916739e+00 2.181289012421181894e+00
3.730641276137879103e+00 1.037305230965217762e+00 1.002041367238484915e+00 1.000230498026925208e+00 -9.061539841337162837e-02 -9.300369949749202891e-02 -6.459239464043667334e-02 2.368642047400509210e+00 2.242503940111687744e+00 2.246745957840900143e+00
3.828816046562560249e+00 1.082937218204739649e+00 1.089102149103250650e+00 1.090905462682493221e+00 -1.122911202198744046e-01 -1.281792667327545376e-01 -1.002791327115517273e-01 2.277231433505778835e+00 2.281882272252517385e+00 2.293182786001617846e+00
3.926990816987241395e+00 1.114324702783649146e+00 1.122669177111413674e+00 1.129752172118586362e+00 -8.945641165041590126e-02 -1.450249498694224370e-01 -1.210437125208978920e-01 2.206923969312567735e+00 2.222439376963316615e+00 2.237225863932123637e+00
4.025165587411922097e+00 1.122953200676218621e+00 1.111713706645649502e+00 1.120684393135099599e+00 -2.860605563090068762e-02 -1.062932178778851211e-01 -8.872301423989902014e-02 2.198386994818751994e+00 2.167279119888367411e+00 2.173792682570604207e+00
4.123340357836603687e+00 1.102890346713401248e+00 1.095014301518022926e+00 1.102472538530045121e+00 4.277273865750343129e-02 -8.518781687917094392e-03 6.009197967244597760e-03 2.249489085448458159e+00 2.237973400280292680e+00 2.230686858210821022e+00
4.221515128261284389e+00 1.081564626220394176e+00 1.103100846900093579e+00 1.106561328386687526e+00 9.155840856436779640e-02 1.044555577124346574e-01 1.202400707108308014e-01 2.389610444002207235e+00 2.476816497591388888e+00 2.452813736493912877e+00
4.319689898685965090e+00 1.115277751812549401e+00 1.159771685704712896e+00 1.157209262287445917e+00 7.858494569821512787e-02 2.087503740539063957e-01 2.272078842565219969e-01 2.726920310946508330e+00 2.904287787234012708e+00 2.860641219751073994e+00
4.417864669110646680e+00 1.214052595025993497e+00 1.254377478528343914e+00 1.248201650237181104e+00 2.524897535109636021e-02 2.631515655742072690e-01 2.889909782299683316e-01 3.233075392962813321e+00 3.402310606981930885e+00 3.355408588776229273e+00
4.516039439535327382e+00 1.282950265860730354e+00 1.314418078464309803e+00 1.314636802537403115e+00 6.452123413662483320e-02 1.801487010400851796e-01 2.184236882841747163e-01 3.482364984553122600e+00 3.608856664501573164e+00 3.599371647478487368e+00
4.614214209960008972e+00 1.345955782105269893e+00 1.260102992613512551e+00 1.274035499679319283e+00 1.851675585350974762e-01 -8.967998539489388521e-03 3.174404259409330242e-02 3.598900786263686591e+00 3.298219432670366658e+00 3.337843204672449104e+00
4.712388980384689674e+00 1.177963529464298720e+00 1.111173685271283906e+00 1.133095891146884027e+00 8.983465617093724931e-02 -1.399518099692548534e-01 -1.108559394347283372e-01 2.996434500583288862e+00 2.739095850239808172e+00 2.792209669680319806e+00
4.810563750809370376e+00 8.990768633539009125e-01 9.560141031688829116e-01 9.758722111226992846e-01 -1.251553257945646480e-01 -1.502423641844999880e-01 -1.315539121836812320e-01 2.131607698662532080e+00 2.299670263069399923e+00 2.335399583569801596e+00
4.908738521234051966e+00 8.234174429565007669e-01 8.492799532338642932e-01 8.626670774011860887e-01 -1.143423245183021741e-01 -1.095033542198953908e-01 -9.319865165520339889e-02 2.009856079432369214e+00 2.094738434842433605e+00 2.106876365611944912e+00
5.006913291658732668e+00 8.018112889540861543e-01 8.006301884374068534e-01 8.076927119607172356e-01 -9.041768860224971838e-02 -7.798523318684469352e-02 -6.029040326554309381e-02 2.087326963864523321e+00 2.093086020421441429e+00 2.086161072336888633e+00
5.105088062083414258e+00 8.327780977536685114e-01 8.029959661473229371e-01 8.047909993307219567e-01 -1.145190484193702452e-01 -6.328989813128782504e-02 -4.366400848241941413e-02 2.343978174433662964e+00 2.231520055848368322e+00 2.211231082738072562e+00
5.203262832508094959e+00 9.101820980994538290e-01 8.513478662775650907e-01 8.482217323541046961e-01 -1.639530765601759088e-01 -6.315948483524261303e-02 -4.082288371625642648e-02 2.703988550675330060e+00 2.463585194979831972e+00 2.433909064004632139e+00
5.301437602932775661e+00 9.775847574464247014e-01 9.497524202318990971e-01 9.421652462819151141e-01 -1.411283505059407473e-01 -7.877919567201321915e-02 -5.511634766902745453e-02 2.867029846791283365e+00 2.770437773254603275e+00 2.735557292218831371e+00
5.399612373357457251e+00 1.035442083199992869e+00 1.085254550486817848e+00 1.078246809085066538e+00 -6.455655683152841662e-02 -6.993484322046089607e-02 -5.026949990784385786e-02 2.894784708223347547e+00 3.105638509552931303e+00 3.078881692962974537e+00
5.497787143782137953e+00 1.070733110484667794e+00 1.169160387961194258e+00 1.173239978735830968e+00 3.211484648101696482e-02 6.408774698994525350e-03 2.005016532931949702e-02 2.893344443447208203e+00 3.270942101720293760e+00 3.274299206132984530e+00
5.595961914206818655e+00 1.051285939240126810e+00 1.109913862306999288e+00 1.127105179069829877e+00 1.286100890406800534e-01 1.106535517795525503e-01 1.236585827869771947e-01 2.872144336388823049e+00 3.101500610113665513e+00 3.133238167804026642e+00
5.694136684631500245e+00 9.766294836458474515e-01 9.625810923160624810e-01 9.823658955480568666e-01 1.975856996815855415e-01 1.639985417423307501e-01 1.821650188894986255e-01 2.822145613967235622e+00 2.781799435857903013e+00 2.813869849453642491e+00
5.792311455056180947e+00 8.716550526667214971e-01 8.316941738976311171e-01 8.472514537914784816e-01 2.136042344040676444e-01 1.497102146959096713e-01 1.711818418633647698e-01 2.699080416172965347e+00 2.540193770528688777e+00 2.561225415960654228e+00
5.890486225480861648e+00 7.703818281594678741e-01 7.439420181159330792e-01 7.549499814307170098e-01 1.715930131467180431e-01 1.195938709872315514e-01 1.399475755632810237e-01 2.488327720836221779e+00 2.373115402750630487e+00 2.388202514859316228e+00
5.988660995905543238e+00 7.193364060602809307e-01 7.038567432300585347e-01 7.092102292371830208e-01 1.087963676830728948e-01 1.037655575571569538e-01 1.232015906421728008e-01 2.341365356952874510e+00 2.277236374507364047e+00 2.283533931951677864e+00
6.086835766330223940e+00 7.496107389787010078e-01 7.240593932496734997e-01 7.227261446845922865e-01 3.950725898457158741e-02 8.890220416770225342e-02 1.101827629992906538e-01 2.401524627758869546e+00 2.299095720939944965e+00 2.293603857385623002e+00
6.185010536754905530e+00 8.541131805665950205e-01 8.083774287824879723e-01 8.001575982145382460e-01 -2.505369310908638764e-02 5.929692629976958396e-02 8.339460336943203822e-02 2.598738732140518426e+00 2.427331798358294268e+00 2.411474549380195231e+00
