2.181542770605185422e-01
1.585223662669313915e-01
3.805363101975930279e-02
2.109697930893054130e-01
9.722040540895551808e-02
3.523166291069403377e-01
3.020575202179910934e-01
6.580972464829207280e-02
1.150027016999950885e-01
1.126061434239104264e-01
1.394294314589721306e-01
1.158054821166307619e-01
1.253309006761034183e-01
1.381155034660982717e-01
3.903675479102747953e-02
1.097257784336566760e-01
7.017005817462403094e-02
1.138492856576058254e-01
1.357190175579518765e-01
1.084590432358624734e-01
1.898432576123958715e-01
1.238364168884832361e-01
5.060325824264336886e-02
1.024983345580939564e-01
1.012303259896771002e-01
5.598356786929805512e-02
9.027120832647544946e-02
2.007833582698735977e-02
1.023757161488976219e-01
2.384717023856757490e-01
7.371600424571941867e-02
1.871639574933797179e-01
2.244089959198144746e-01
3.238350414226844887e-01
2.842176823229062427e-02
7.572011103264932042e-02
5.237292769210898091e-02
7.279911618209480850e-02
8.535172658078610253e-02
1.462025804127213835e-01
4.588651098177043419e-02
8.856050002015602995e-02
1.951293359513830983e-02
3.240731161815259276e-02
1.913386711038969068e-01
9.023411172833636917e-02
7.937478101877881720e-02
4.871416535258676905e-02
5.075800310829597234e-02
9.881461333675919945e-02
4.596571502274382492e-02
1.095137930833868511e-01
1.654208486730698591e-01
1.753584773751126480e-01
5.298352958671807139e-02
9.596037668950410660e-02
1.627417824441844407e-02
5.942931576121997239e-02
1.281513537335493835e-01
6.446225295856919391e-02
5.281970658369242178e-02
7.177882148145613150e-02
9.932528055774762776e-02
5.112715376853799176e-02
2.592876829628416591e-01
1.256731500817574454e-01
5.441589034088155363e-02
5.633376496932666205e-02
6.824187684993839043e-02
5.213600394531587440e-02
7.342927894774305131e-02
9.680185093902612947e-02
1.134246864385699827e-01
2.469669700114235922e-01
1.992647619651776725e-01
8.954085889432289447e-02
3.549316215215313208e-02
1.067563682769616246e-01
5.334517399543542426e-02
1.551939929092598647e-01
3.990638828937400490e-02
1.039732556876801772e-01
8.518549293993367411e-02
5.802334655765307991e-02
1.886585036478292676e-01
9.191631001901487408e-02
1.276180144390723359e-01
8.747016201054352846e-02
4.658380916623594548e-02
1.406763103028867423e-01
4.500655369258899779e-02
1.534472352026642616e-01
5.792925557218055188e-02
1.244326779666598964e-01
5.082758485790077330e-02
7.126586054216349497e-02
1.343528750967570018e-01
9.597295354095813913e-02
1.865361074949220266e-01
6.163501145110797386e-02
5.012491172347662005e-02
6.270640369445427964e-02
1.748638772661540580e-02
4.602769547059973321e-02
4.145824195112525479e-02
8.405139679209963632e-02
5.420966686011648161e-02
5.809888356543243398e-02
1.054467119033730138e-01
1.866950906491844087e-01
2.059914054188349275e-01
7.075469524707625468e-02
8.572275244330335164e-02
4.974953953545162982e-02
6.642973592859025000e-02
1.213640374632930369e-01
4.847128004450006883e-02
1.246237867532297705e-01
8.252312935612259037e-02
6.576443779336253737e-02
4.506568451758118099e-02
5.608403426885849585e-02
1.550927513140969993e-01
5.213745849917544167e-02
1.111135083400054263e-01
7.988893291514660711e-02
7.513185735060329273e-02
1.075411434114838943e-02
6.195138497579820436e-02
1.268336546730890191e-01
3.171308036437855277e-02
5.379048202833225378e-02
9.730680478761129237e-02
8.109627834442814653e-02
9.873547283312131273e-02
6.851394466634386227e-02
9.531116542945106129e-02
7.100521658619125820e-02
1.070074770407066639e-01
5.464748560528463750e-02
4.993465121769403992e-02
4.261988036413835723e-02
4.690503019352847830e-02
2.142859514781131069e-01
5.242823027966615063e-02
1.067278971189918185e-01
1.317702175442818646e-01
2.167701778215892494e-01
9.673526847582181176e-02
5.773070196490222294e-02
1.241924118353981282e-01
8.518614143163483199e-02
4.435289934415553165e-02
4.356616718791037068e-02
3.994294326079420032e-02
6.483447552891392907e-02
1.076494803872355549e-01
6.234677345468471465e-02
6.078028425041182015e-02
1.620416606400598702e-01
1.127731348614714468e-01
1.274297661226630463e-01
8.181064607943136502e-02
7.431755064296825808e-02
4.123329186568266969e-02
1.218351881233101647e-01
7.100611035541316840e-02
7.639293842417084479e-02
7.308001170270779501e-02
1.088044598321863260e-01
1.841735441323762157e-01
9.619509422468768001e-02
8.841758370487830254e-02
9.103412960897465378e-02
7.554766958722969328e-02
5.540133518959698689e-02
7.514713512902006232e-02
6.840810811058715968e-02
1.056727103955067415e-01
2.363511198898574778e-02
6.325847709024849663e-02
7.127812194178501093e-02
9.750403324000607441e-02
3.622942425148056866e-02
5.243919314656534519e-02
3.830484645399958449e-02
5.248111609611445794e-02
5.563390114583913887e-02
9.996687237761905931e-02
5.552215029315793471e-02
1.351418394212403062e-01
8.558011058206525801e-02
1.027104949800511507e-01
4.466615571371128357e-02
9.007855088557822909e-02
4.562635765306934099e-02
6.296022892181162012e-02
1.533169097152159988e-01
1.335194351206954178e-01
1.476357600847837126e-01
8.699213283508186456e-02
7.479392110494782753e-02
9.023465447555734098e-02
1.050814264648287644e-01
5.532783787577097434e-02
6.613528976008134497e-02
5.293912766905785328e-02
2.325720010919079400e-02
5.749432599960399570e-02
9.700325047109864540e-02
5.061307513146198755e-02
6.728918773578222712e-02
4.424643794761754650e-02
7.999931213557560927e-02
4.380330738778596966e-02
4.781138907751882744e-02
1.037680748535781683e-01
1.189232579995365552e-01
3.507236160498590494e-02
1.096482673937930058e-01
6.440910800790303203e-02
4.349514370778469197e-02
2.161295915514887533e-01
5.909525498703982471e-02
1.204895723803643126e-01
1.108928811647014595e-01
9.068265687218689253e-02
4.082760605019798705e-02
6.625631051353612910e-02
7.997089440107409131e-02
4.723119036577731050e-02
1.134030657572348555e-01
5.720096253280790299e-02
1.739731387433500476e-01
9.087653816879581736e-02
5.452772301057946108e-02
4.512279494298788995e-02
3.253308236526091662e-02
4.157379709578065685e-02
8.425823621509452577e-02
9.657125680308015214e-02
6.011339459264225527e-02
1.271287926496463272e-01
1.018756273623554615e-01
5.442857230277133029e-02
1.328418053679346067e-01
1.297948103528661634e-01
1.053427122403342991e-01
4.908679120428742493e-02
8.987087150053715834e-02
1.614243169752807572e-01
3.620067968495389865e-02
3.843952658896525321e-02
6.158056311923784665e-02
7.279226494137140679e-02
3.208785528987519176e-02
6.570432577450822931e-02
1.243505188649254439e-01
5.810852807125719416e-02
5.891847654734787970e-02
4.108243654876433948e-02
3.546862165032042824e-02
1.189453726917492904e-01
9.793574188078993381e-02
4.382131034208149034e-02
4.010388835377278610e-02
7.199658101720447789e-02
7.813531203851638296e-02
7.033493020562461839e-02
9.502327273908592331e-02
7.993237748752927974e-02
8.262904161501555267e-02
5.028483177395495773e-02
5.836816482354376112e-02
5.057742552154132626e-02
1.518551886121452359e-02
3.484714235895555734e-02
6.095664240424031322e-02
8.006934162789032527e-02
4.086523033643110064e-02
1.079954489621037517e-01
8.886992826329763451e-02
7.083734388037743468e-02
1.345431669081253723e-01
8.148247878821882062e-02
7.369540130609333883e-02
8.803621126844363154e-02
3.979874930107587389e-02
7.794740138937736318e-02
1.361936837485431540e-01
5.864163183993556516e-02
1.021931637693189315e-01
4.210956558363776470e-02
6.130279436889450595e-02
5.430213793517028875e-02
5.655023370597428434e-02
2.089027604536118909e-01
8.154738483292056639e-02
4.020352132938176393e-02
3.590600342162001551e-02
7.666246514732180661e-02
1.016687628587383402e-01
8.867513541852527215e-02
7.438452339339673980e-02
1.225316057452944946e-01
6.264801383904212984e-02
3.277081330956890803e-02
3.350634148740845586e-02
8.243205910535601755e-02
1.600037152567878110e-02
7.333592399243862858e-02
5.608745769513467927e-02
4.418897457858981387e-02
1.087260827284129705e-01
4.694334436072656463e-02
6.788956869472244360e-02
8.966620368332571533e-02
7.681582962836586148e-02
8.334773602208714327e-02
7.967027927269700049e-02
1.664126071265906448e-01
6.215866004884108842e-02
1.051493665372545405e-01
1.365447442056778871e-01
3.401482200752539015e-02
5.994693043832084733e-02
1.256880527522079571e-01
3.512085360455400457e-02
6.908684786950546053e-02
4.029410767745409544e-02
4.928953136278634017e-02
8.496914344206710212e-02
5.374817335111663208e-02
6.819282360107779828e-02
6.026823543865119509e-02
9.854825671578090751e-02
1.230080574365289559e-01
3.247814646464337179e-02
6.186738831345561102e-02
5.858624759667448861e-02
2.076279478150478697e-01
7.910474951942465804e-02
2.395188311427336181e-01
3.086481186113639724e-02
3.417617049573898336e-02
1.012084177177991484e-01
7.969122167547804114e-02
6.256652969599070524e-02
1.592292202233126508e-01
1.388015615391253177e-01
3.878289074799504826e-02
1.127755924196001264e-01
3.558421130404380850e-02
9.669044944561561161e-02
7.762751003877295386e-02
7.032746185223867630e-02
7.895281953839400346e-02
6.646367502966898932e-02
4.880427505020858842e-02
5.609550521447972254e-02
3.765477928470086638e-02
1.429112290348991676e-01
1.261173428279955822e-01
4.529944347381768821e-02
5.283295719305855509e-02
1.349309631218798544e-01
4.239933777535662141e-02
3.946746375281792729e-02
2.372194915802281201e-01
1.519990548480351922e-01
6.688771123645435857e-02
6.740756955257262706e-02
4.163195476649236837e-02
3.427705986678223488e-02
1.094212213838171299e-01
4.543487211278032789e-02
5.850255574816386889e-02
5.349403238789410958e-02
3.775971961606001265e-02
8.944044745199258850e-02
3.104260998364978888e-02
1.670787106076098219e-02
4.824270337718541968e-02
8.954236199128194629e-02
6.547850721072444313e-02
2.635274525946855809e-02
1.139719081275065438e-01
8.027821268368676155e-02
3.915435513761182651e-02
1.636615288103411558e-02
1.093234599238929738e-01
8.425877716642811432e-02
1.035878644862409104e-01
3.527022125922055218e-02
1.397971976850834741e-01
1.988586372857223394e-01
9.611587643453528562e-02
4.801894823465134576e-02
1.634516460893721546e-01
7.166166449241356817e-02
4.759159520915207803e-02
3.542282958954399985e-02
7.479742889412448192e-02
6.483103793131855808e-02
3.862805643205889650e-02
8.732797970607120153e-02
1.251112745096839285e-01
3.887895495941873225e-02
1.632534059299935170e-01
9.891679548208706652e-02
8.077754396377526125e-02
7.823999443112124308e-02
1.546780825828370509e-01
1.387380449297915264e-01
1.189007211950137838e-01
6.853545502103708387e-02
6.475512080012676974e-02
7.768061905756627750e-02
6.599646925691970978e-02
7.192868649804005921e-02
4.227485218304019576e-02
4.547351410344622341e-02
1.298893070114913173e-01
4.244659764391162798e-02
7.813235896344089548e-02
1.265535102605813145e-01
5.363694253841091997e-02
8.689322529322029975e-02
1.061573993428562152e-01
8.296082490492782957e-02
8.057370609224030755e-02
8.776024104326092534e-02
2.517357985106797799e-02
1.121022862071293091e-01
7.416903389183961137e-02
6.749054998595306609e-02
7.737143056533359042e-02
4.119345835717415361e-02
9.143779342616305261e-02
9.272836977913921641e-02
8.808607233738205422e-02
8.614873841080536443e-02
1.171561132815078649e-01
4.232793951068232474e-02
4.810886735656477731e-02
1.074378589670235556e-01
6.482893557358934689e-02
5.623083281705137937e-02
2.989252993539893710e-01
6.735395028719035060e-02
7.290900757096509255e-02
8.004515908269238533e-02
1.284384148092706790e-01
1.047229005427079973e-01
5.376951741545039215e-02
1.878114447774341944e-01
4.696903898671034305e-02
1.123067727534562688e-01
4.431614019613139277e-02
1.030257940862169819e-01
1.177178332894962542e-01
9.776954515081107133e-02
1.302388392166156095e-01
7.864230208833528080e-02
2.387686649186802901e-02
1.734251391793121544e-01
6.429004946417461730e-02
4.486411699377172713e-02
4.619437971516487940e-02
4.714291232216510918e-02
5.306483082952424823e-02
6.190670081561390481e-02
1.381486024733947493e-01
2.953481484096624476e-01
3.845514383405165826e-02
1.300094062481388091e-01
6.151714019595827532e-02
3.502893664116346062e-01
1.544297662319515929e-01
7.473412224920664149e-02
8.050071117878029869e-02
1.391607754148681542e-01
1.020681752887440952e-01
5.077525876614534528e-02
6.472808259118266461e-02
4.245121229861860412e-02
9.335042253866307482e-02
8.154982361125748258e-02
9.395024038995679339e-02
6.028858643352497798e-02
5.959327973369173137e-02
8.367891240211795811e-02
7.628536424637807900e-02
6.233139576707365237e-02
3.213856113890490446e-02
5.576764491614878694e-02
8.906988777203637964e-02
4.960004533941345106e-02
1.365833609674093618e-01
8.419051139610776724e-02
8.275869011573053213e-02
4.397700971237425427e-02
1.809014440220217124e-01
7.019548104086166529e-02
1.492569747016123660e-01
3.278124570456324854e-02
3.841399154129860466e-02
1.102587718374418851e-01
2.145453526737218786e-01
5.670944538576816463e-02
8.427913818438217963e-02
1.139339412719609645e-01
1.265381359026320207e-01
7.316442162119310422e-02
4.482492654681018152e-02
3.932726041747698631e-02
3.422583664681758120e-02
4.915147414635923084e-02
2.584627909362513867e-02
4.505803020902424127e-02
6.643648284973309968e-03
9.012465382194949359e-02
3.227340753471336088e-02
4.722738369258814434e-02
1.007014427854012739e-01
1.019430554006517664e-01
4.010053185115931146e-02
5.804453013509310033e-02
1.458703184067469405e-01
7.993576186396873784e-02
2.149457114971368155e-01
7.879142272219437360e-02
4.074446491168136342e-02
9.761143537446331786e-02
6.919816786348798043e-02
8.384564433279753648e-02
4.741807758212014667e-02
1.076356389951485387e-01
1.379664325038730821e-01
4.755211519014471144e-02
9.470452106280187465e-02
1.183872104890835164e-01
7.617895422623410795e-02
9.095956092250576108e-02
5.871830237957206128e-02
1.183322203041181631e-01
6.260415501646870995e-02
3.096494043369233534e-02
3.834900381964025801e-02
8.532257798010209338e-02
1.675867532997183385e-01
1.021653194339397219e-01
1.808043529898969992e-01
1.002652459255583550e-01
7.793483076864581027e-02
9.123312634775239405e-02
1.518165219953973022e-01
6.213933048924748237e-02
1.558324729787239349e-01
8.818020774490756275e-02
1.050279154714260088e-01
8.864760626681160438e-02
4.831267647238621232e-02
3.212822290788969193e-02
6.027246579097263884e-02
6.152941099937550562e-02
3.241506124247908738e-02
4.572529963617660842e-02
5.743620875917540558e-02
2.154859417149626935e-02
4.654695436185132124e-02
1.450672331059779385e-01
6.070086765002909168e-02
5.969268950763145093e-02
3.045667814450601918e-02
1.445802192570332378e-01
8.501778368874320091e-02
6.555111474391268900e-02
8.922440703902327630e-02
1.433522469215528783e-01
4.519434465989193017e-02
2.929053686245153276e-02
4.504465429403207294e-02
1.003320231924454548e-01
7.792555165830374053e-02
1.220415718902882890e-01
3.081757100788230785e-02
1.270086999191753774e-01
9.974081703721456027e-02
4.647450162813669683e-02
3.178107986985311689e-02
7.750326154997222439e-02
8.858355273386865625e-02
5.377478979783163054e-02
4.364563350159510885e-02
5.586137484100191924e-02
5.457545547996031643e-02
1.244890656807160489e-01
1.149318028492784527e-01
3.159060823010267915e-02
4.763611081532564961e-02
6.317752731813494615e-02
7.329392535666635899e-02
3.153258231687695867e-02
1.861556346506151038e-01
5.236048471202584681e-02
1.047318233798223558e-01
7.927500224233914594e-02
3.357493259274772074e-02
1.852666953808094763e-01
1.711887205638197573e-01
7.930340564922848390e-02
3.091938909112408249e-02
6.064512246018050057e-02
7.522473327338453919e-02
1.089585023289624394e-01
8.225133291780464817e-02
9.055747794714380516e-02
6.950058959330801533e-02
6.626883639805081216e-02
2.189778266186052091e-01
1.338922734594931996e-01
9.287387966517784976e-02
6.268032655360392114e-02
5.984747331316835062e-02
1.428255926367833772e-01
9.483578233032580185e-02
3.916346622136276240e-02
2.942917186874681110e-02
5.210679591408401423e-02
3.800502641719899488e-02
5.554415163432203234e-02
1.037615903383767302e-01
4.732823597281727440e-02
1.038030235109230343e-01
7.392358936589935037e-02
6.269697982179441020e-02
6.265487838102345997e-02
3.145334893024160916e-01
1.062461806639992262e-01
1.168400520583426638e-01
6.243387606211509705e-02
5.286651161630918916e-02
7.257179426086315943e-02
6.744253751524906249e-02
4.334261121409517525e-02
7.070515795154799776e-02
8.264666789762878385e-02
1.773029460195898188e-01
1.484001914932658317e-01
7.129922766054619387e-02
6.576343242965328184e-02
7.194439743065259019e-02
4.251837441799721784e-02
9.717460443145062299e-02
9.659136420854744220e-02
4.706737949296879719e-02
8.531661521750807942e-02
1.258020182917343466e-01
6.375464702923415439e-02
7.317603356229121503e-02
4.283859141680113058e-02
6.528873073103008684e-02
3.288854966078700454e-02
3.709899376688426814e-02
2.942534066058422743e-02
6.824368065170395570e-02
1.474503563159385577e-01
7.942032990889666411e-02
5.992845181535090548e-02
7.671018819991870519e-02
8.608702122173615690e-02
1.402738630383354168e-01
8.821707933876847540e-02
1.278707624376480556e-01
5.064494011292482167e-02
1.911899081167970152e-02
5.417762606375761680e-02
8.917656040183624677e-02
9.696946744903517379e-02
5.567325001936433704e-02
3.604979945595951363e-02
7.495172244350060964e-02
1.666587770516817224e-01
9.046769086347078437e-02
6.309398698564666619e-02
6.009363184116500722e-02
4.017884432986783966e-02
1.239291052957223332e-01
8.990537228920668367e-02
1.311980536216409143e-01
8.504434876861917403e-02
5.753441273846939680e-02
1.974253133589325138e-02
8.877499847643988140e-02
7.956446053258996176e-02
1.047890997688487591e-01
4.535753841864115232e-02
1.256557144970152640e-01
4.756907921406321876e-02
1.254052654614165596e-01
4.217854203872915125e-02
1.154589395631302751e-01
8.626991838703211568e-02
3.646169268116215140e-02
1.310906724338086193e-01
4.165516279934571020e-02
6.019386605697971820e-02
5.392212195723403850e-02
3.662076569374295154e-02
2.940969005538039693e-02
5.678991553032437106e-02
1.492100341256923091e-01
2.683048402093424212e-02
5.540240569099295909e-02
8.448548075027879911e-02
7.762532513798695022e-02
8.172952827683363508e-02
6.482806873081981003e-02
6.673820735367758106e-02
3.235206673248365583e-02
4.965037526825875902e-02
8.445603064939519178e-02
5.299628306596014526e-02
7.331700302391029600e-02
5.579321596107885556e-02
1.481330762456314343e-01
2.668602549343875724e-02
3.445437441403533668e-02
6.173484871033096955e-02
1.400328176214473141e-01
9.529466531596934853e-02
3.043673993510612880e-02
2.520449635873877464e-02
5.014750483972153783e-02
8.164895702354181550e-02
1.704398286154736597e-01
4.492941127169148424e-02
3.540599224841475823e-02
9.304704167441373019e-02
2.073873374552028664e-02
4.328673218924335153e-02
1.479251870952294767e-01
2.280118358561661340e-02
5.264772280464698195e-02
1.110185729975093211e-01
9.013925803580635776e-02
7.260224616506102957e-02
3.803961245861930962e-02
1.154742849898356544e-01
6.692159029418504046e-02
5.205598954764573127e-02
1.192269830512428797e-01
7.405693349285036309e-02
5.346377442449972567e-02
1.171672233356991499e-01
9.493466351840063044e-02
9.604988568022725104e-02
7.196251615242305055e-02
1.635331897130493928e-01
1.466956101978845739e-01
2.170694417398222331e-02
2.176007097927600692e-02
3.890070987203670533e-02
8.903450932586930155e-02
7.583280258187816147e-02
6.069347275024186000e-02
4.780016249786732396e-02
1.207461328658256672e-01
1.095576740654180259e-01
6.040603438747255138e-02
4.198971059257811805e-02
1.846925850789789617e-02
5.071340167368953294e-02
1.171589070075060163e-01
5.858991364205087815e-02
3.861293992281267934e-02
2.951781146075195539e-02
2.107006829373396853e-02
3.688957791275326858e-02
1.108138623480657142e-01
1.117087983032787474e-01
4.445742764931000235e-02
6.482482753082666194e-02
1.110435666705200664e-01
1.437481135654715136e-01
3.977233267601987948e-02
6.439340920394229228e-02
3.862792166391379456e-02
1.101683219133435393e-01
6.527025886807445720e-02
8.000772955497049976e-02
5.706738562759505751e-02
1.217451584754264959e-01
7.093794568750888541e-02
1.014731421263340150e-01
8.658044499715106257e-02
3.017534404221040162e-02
4.587386994127932993e-02
7.651039256014910417e-02
4.871758314225524411e-02
7.190250987716979847e-02
1.234202913098563503e-01
1.041654414076792490e-01
6.306779716788243895e-02
1.045090871890723139e-01
2.531136811563583500e-01
3.483703299703437561e-02
3.715984794392165891e-02
7.158412205476741286e-02
1.786912586910301831e-02
2.942138874480687213e-02
8.291851346783510324e-02
8.493754378878823341e-02
1.227385825111896173e-01
1.143509645531204932e-01
5.266777973286526637e-02
1.066652109537621906e-01
8.806515452638193076e-02
6.619111063637496406e-02
4.371675618840224764e-02
3.249846105101248522e-02
1.330341383608346917e-01
9.299402901603609495e-02
3.623583741125982471e-02
1.333128707952740688e-01
5.376091577713423830e-02
7.472146624849101970e-02
1.186418617433557948e-01
1.284182631406247110e-01
4.369545812908398608e-02
2.981780211587583759e-02
4.633732881392264857e-02
8.770973510608523482e-02
5.248629351027320200e-02
2.852251068147019369e-02
6.293354374915093030e-02
9.668997555524344589e-02
1.210818129703822299e-01
5.401422174821608052e-02
4.164380885298765711e-02
5.956400630292795623e-02
1.525592992058774078e-01
4.256418550490153468e-02
1.291820153974374552e-01
1.211212444528462079e-01
9.182879912275369871e-02
1.499181150071031421e-02
3.798233518588551433e-02
8.733940454709214485e-02
3.799863556629282102e-02
7.878711212581139545e-02
4.288828794420580792e-02
2.771470892762285115e-02
2.521091855973707149e-02
7.761259779672723125e-02
5.216082079706856056e-02
7.919147432072329296e-02
3.559962753479754827e-02
1.261344844124209080e-02
9.320364526895179302e-02
7.501274153282409818e-02
6.266685978654315536e-02
4.641794055013496317e-02
9.181411325141131119e-02
1.882784698770471193e-02
5.643525307251733014e-02
8.985322584214221198e-02
5.083777866773957904e-02
5.073693826443830684e-02
9.750913702740984790e-02
1.324839764897264849e-01
6.061928468102204676e-02
1.011156750727387477e-01
1.124319966938013837e-01
4.937201307267507361e-02
7.130096185176114376e-02
5.674329169994603989e-02
1.508565024257878529e-01
1.541560583284290742e-01
4.093142937012693439e-02
4.194424008561266348e-02
3.318423879821064820e-02
4.115773032941594245e-02
1.178221366781060375e-01
6.211199643055521913e-02
1.053656451024156809e-01
1.026552113463789079e-01
2.533753410366525183e-02
6.183178687724900230e-02
3.891621259851971160e-02
9.246470992588093352e-02
3.115586421319764890e-02
3.865603480981744805e-02
6.868498096621596105e-02
5.562494124411394153e-02
1.117817227768282823e-01
2.690872106964698265e-02
8.046282771694185376e-02
5.620233407327515640e-02
9.724937860978094539e-02
1.458339269058515075e-01
8.103191969425950492e-02
6.060731851593306740e-02
6.689552072387466852e-02
3.352733852817434135e-02
4.887072808705569815e-02
8.925951779644364370e-02
3.762805988218458075e-02
9.667574253009754426e-02
4.016809288306530390e-02
6.122743026248747555e-02
1.289445913452755277e-01
1.275312497362886266e-01
8.547116676961812043e-02
2.321789253232719660e-02
5.822787207013677829e-02
1.014006187904743783e-01
7.442207469209287385e-02
1.253833558423454453e-01
7.288830897157363986e-02
3.744638491117479456e-02
8.408705544166306112e-02
6.817812511111967511e-02
4.490558296575952735e-02
8.281377658995658919e-02
1.968193539279819437e-02
4.578500215347482138e-02
9.599209111071080325e-02
8.578983792019474752e-02
1.313176192834523415e-01
5.656799934082975406e-02
4.739010574654935887e-02
4.307509900507749262e-02
7.428127510032178638e-02
8.827174110436766807e-02
7.570470535882840857e-02
6.927440866237417894e-02
2.189382830576203781e-02
4.155861912301645616e-02
7.846145469312849896e-02
5.101505352148255623e-02
3.668393701417466818e-02
4.659828968767715240e-02
4.908262600513013663e-02
5.886820466023071075e-02
1.004030255262642890e-01
7.940211732040192150e-02
9.569387486993377601e-02
1.104895297422496120e-01
5.172259262603257773e-02
9.381191380595911566e-02
5.180175929278910130e-02
4.779666121521068678e-02
6.779831793330803880e-02
4.913807442723304442e-02
2.178896270252331582e-02
1.189726573340748883e-01
4.740376043436789200e-02
6.717350829530248368e-02
2.105218994060937404e-02
8.270452485408415211e-02
1.594015695517784492e-01
1.129398218274573623e-01
1.464023486412818209e-01
2.318947486491411691e-01
5.009226873971622113e-02
8.848678861713832333e-02
6.010430123953525161e-02
3.542825417694996787e-02
2.073337231039147632e-02
8.057083279699511769e-02
3.759692383484500994e-02
6.361282150333402718e-02
3.936687417872333089e-02
5.756521501556741832e-02
3.408577023541518175e-02
2.946613668647270548e-02
1.317020236125976684e-01
6.533910760869394985e-02
8.136028491095502468e-02
7.086323263162563890e-02
5.135425558538113389e-02
4.210087379857759687e-02
1.092546373201194743e-01
1.568415806375067501e-01
2.336924977549850735e-02
7.573338196485093765e-02
1.185954683707377000e-01
1.205183261073726197e-01
1.409206495498729894e-01
4.198694735209404505e-02
1.212002729592875083e-01
8.593376423317863888e-02
1.278089042466694636e-01
1.413757891014985613e-01
7.581885918669499513e-02
6.594287591244694935e-02
7.993914547425061412e-02
3.255282502957147772e-02
